0.5747545582047685
0.2828202581926514
0.6070588235294119
0.4561224489795917
0.4824561403508772
0.056714553404122396
0.48689655172413787
0.00602240896358537
0.03016440314510368
-0.04228187919463095
-0.007701711491442487
0.23774168600154685
0.09763899466869767
-0.35283446712018146
0.5169533169533169
0.22000000000000003
0.23985347985347993
0.1538922155688622
0.18840381991814464
-0.17208413001912046
0.13355481727574747
0.4687603305785124
0.07160493827160484
-0.20196078431372544
0.33805309734513267
0.20421686746987955
-0.15663381349507197
0.0035014005602240898
-0.44398826979472145
0.327741935483871
0.10374429223744285
0.1333333333333333
0.18202429149797567
-0.19341238471673247
0.08443804034582136
0.15133485888634637
0.29948453608247416
0.08983050847457623
0.20652173913043478
0.03738831615120281
-0.3100864553314121
-0.17748633879781417
0.09867549668874176
0.07295673076923083
0.23548387096774187
0.19295039164490857
0.22664624808575803
0.6563829787234041
0.7758846657929227
-0.0026717557251907964
0.12469304229195086
0.029219701162147182
0.16721804511278202
0.01749174917491753
-0.12467289719626166
0.5589703588143525
0.22064156206415628
0.5499604117181314
0.3868629671574178
0.47355516637478107
0.33440514469453375
0.23622047244094488
-0.02224012892828357
-0.17083839611178617
0.11604938271604943
0.3493087557603686
0.22456461961503207
0.7304990757855824
0.2713656387665198
0.20960451977401126
-0.15766912257200275
-0.04937406109163741
0.19264705882352934
0.28187919463087246
-0.04361792054099739
-0.3173363949483352
-0.1858057009889471
-0.25423051299133903
0.014983713355048934
0.06272040302266997
0.4475716064757162
0.4767772511848342
0.2544495715227423
0.04388609715242889
-0.5259259259259259
-0.14915662650602404
-0.4611727416798732
0.4097402597402596
0.7904355251921434
0.7355960264900662
0.8124324324324323
0.5023204419889502
0.9243432574430822
0.6917989417989417
0.4582933844678811
0.3967897271268058
1.6528497409326426
0.3970212765957447
0.142320819112628
0.6770478507704787
0.3112068965517241
0.5390428211586902
0.2754716981132075
0.0794000000000001
-0.01780929866036242
-0.13670473083197382
0.09554929577464784
0.1477184841453983
-0.06603518267929628
0.03152088258471237
0.9421487603305785
0.4679775280898877
0.30801498127340826
1.1157303370786518
1.232768361581921
0.014332965821389196
-0.19039301310043666
0.09236714975845402
0.1827181208053691
0.15405247813411083
-0.005936920222634593
-0.0041257367387033846
0.10324786324786321
1.212093023255814
1.2357314148681053
0.270926517571885
0.26606741573033704
0.3677261613691931
0.056597222222222264
0.722612244897959
-0.07903225806451607
1.274390243902439
0.41646489104116224
0.08115942028985507
0.1310344827586206
-0.0099115044247788
0.055919395465994934
-0.06527196652719659
0.04952606635071085
-0.2487505480052609
0.07946127946127954
0.004814814814814857
0.03428571428571432
-0.1000846023688663
0.07926356589147282
0.0638801261829653
-0.10395136778115502
-0.23461538461538467
0.0685820203892493
-0.0014336917562724559
1.0664395229982964
0.7649999999999999
0.23303964757709242
1.1658070678127983
0.9539748953974896
0.23750000000000004
-0.02198952879581152
0.23695090439276484
-0.03932773109243694
0.07933194154488518
0.15264094955489618
0.08158368326334733
-0.05382262996941903
-0.06963673749143243
-0.04362745098039218
0.21852731591448932
0.3577505407354002
0.2146146146146147
0.20753498385360597
0.4961432506887053
0.07465277777777778
0.07360000000000005
0.5001564945226917
2.312727272727273
0.8443084455324357
0.9110588235294119
0.6590631364562118
1.1536585365853658
0.22313495389773683
-0.0728434504792332
0.12608695652173912
0.042463054187192026
-0.06687565308254964
0.006716417910447761
0.04533527696793006
0.11218568665377177
0.22348178137651817
1.737142857142857
0.06998784933171327
0.07527060782681107
-0.21216617210682492
0.08157453936348416
0.21025000000000005
0.7096296296296297
0.19174917491749183
0.3664576802507836
0.2570145903479237
0.40694698354661796
0.06813541106931754
-0.09879759519038078
0.07654516640253559
0.44225352112676053
-0.042574257425742536
0.05729442970822277
-0.028150134048257374
0.4298265895953757
0.4533438237608183
0.5631147540983605
0.48131515637530076
0.40794090489381346
0.30557939914163096
0.2522058823529413
0.33983471074380167
0.43542600896860995
-0.14483430799220276
-0.024931255728689317
-0.01859296482412064
-0.1509039010466223
0.02792022792022795
0.15399061032863856
0.1714474553866491
0.270509977827051
0.20707635009310982
0.09650349650349642
0.09125874125874134
0.1967924528301886
0.11275045537340615
0.017425742574257337
0.19358533791523483
0.04278169014084499
-0.006555349412492213
0.005533596837944687
0.03757338551859109
0.12740129640542136
0.020855614973262063
0.10315789473684206
-0.0324966974900925
0.12874209416725232
-0.15098039215686274
-0.009302325581395316
0.06705539358600583
0.2809523809523809
0.47328136073706606
0.535195530726257
0.4386601535240753
0.3994904458598725
0.21937086092715233
0.06793611793611788
0.28880909634949126
0.15799319727891153
0.18127853881278533
-0.11228893058161356
-0.1210580912863071
-0.14105263157894737
-0.1860853432282004
0.197327852004111
0.016267942583732084
0.022641509433962204
0.05894736842105263
1.9458515283842797
