-0.1682985279014036
-0.225137741046832
-0.2640729057132843
-0.27623019182652214
-0.21290926099158095
-0.13095067905646893
-0.2659528907922912
-0.5267373380447585
-0.0431266846361186
-0.17619047619047626
-0.18457411133467475
0.38671875
0.03027461486939052
-0.04000000000000002
-0.0693409742120344
-0.1162068965517241
-0.017874396135265647
-0.36666666666666664
0.30577249575551785
0.574468085106383
-0.15659955257270694
-0.2154006243496358
0.35160905840286055
0.48251599147121527
0.32804020100502523
0.1371772805507746
-0.09848648648648652
-0.08571428571428567
-0.06711345141215895
0.26273291925465847
-0.05441860465116274
0.265625
-0.20436158986985578
-0.31467181467181465
0.043743199129488625
-0.18238063214525893
-0.1921194029850746
-0.26256130790190735
-0.25570175438596493
-0.2995184590690209
-0.24141145139813575
-0.3680039623576028
-0.07857829010566758
-0.29557522123893804
-0.2176662017666202
0.5821011673151751
0.9363636363636363
-0.008292682926829213
-0.19802761341222874
-0.14399999999999996
-0.39131736526946104
0.06635822868473237
0.26273291925465847
-0.1622222222222222
0.15192034139402566
1.125748502994012
-0.3066246056782334
-0.011279229711141741
0.3975924333619949
0.21540616246498592
0.1311881188118812
0.1707951807228916
0.15527387958352196
-0.1475814751286449
-0.02972582972582976
1.1400000000000001
0.15141700404858305
-0.0002925402242807943
0.1665668064709407
-0.056320400500625784
-0.2350355089617856
9.573333333333332
-0.03159041394335512
-0.12240868706811452
-0.10150659133709977
-0.17741379310344824
-0.18136721113127643
-0.1846899224806202
-0.2035967818267866
-0.2347430650295589
-0.27727879057358823
-0.3062577704102777
-0.24543815362423366
0.29490445859872616
-0.04103773584905655
-0.13489361702127656
-0.2484288354898336
0.09161490683229814
-0.07263681592039797
0.02273936170212769
-0.12537160430548433
-0.21680672268907558
0.49485294117647066
0.29904153354632595
-0.2511970534069981
0.6798088410991637
-0.013756613756613714
-0.04853828306264497
-0.03908241291418862
0.5868322981366461
2.4478260869565216
0.09567901234567901
-0.10804020100502512
0.20135135135135135
0.12847058823529417
0.09334532374100715
-0.07842278203723989
-0.17938534278959814
-0.1091362126245848
-0.26252640473172795
-0.1848192771084337
0.05303867403314914
0.0
-0.1904235727440147
-0.07973154362416104
0.2281690140845071
0.072930648769575
-0.11027568922305764
2.4857142857142858
-0.42763532763532763
0.13113207547169817
-0.02122448979591832
0.0943294329432943
0.0462994836488812
-0.18628983764281418
-0.11710388247639036
-0.19839395370807747
-0.1888475836431227
-0.1591737545565006
0.3375652173913044
0.22370723945902948
0.13851351351351351
0.07238493723849378
0.030869783810960328
