-0.21359003397508497
0.3686274509803921
0.38867924528301895
-0.15964010282776356
-0.08130982367758191
0.1985611510791367
0.7203007518796992
0.5083333333333334
0.7072691552062869
0.09430523917995438
-0.013756613756613727
0.17334235453315294
-0.06644407345575952
-0.07637795275590553
0.19781181619256022
-0.13848711554447207
-0.0555873925501432
0.20299999999999996
0.09766763848396501
0.17745454545454542
-0.17392947103274561
0.13084982537834688
0.006666666666666632
0.17270624518118735
0.07087719298245616
0.16793478260869568
0.18163771712158805
-0.2922627737226277
0.006631299734748011
0.08689138576779029
-0.021414913957934968
-0.04092953523238374
-0.05706093189964151
0.18880000000000002
0.09144542772861357
0.17560975609756105
-0.23743842364532014
0.006679035250463864
-0.19898089171974528
0.10576652601969064
0.21477428180574556
0.3811965811965812
0.06253630203291376
-0.06706827309236943
0.28776978417266186
0.15832127351664252
-0.1264235444657709
-0.42160000000000003
0.14807197943444736
0.04913971094287687
-0.0021359223300971317
0.040999999999999946
-0.04874446085672083
0.28476658476658473
-0.18779661016949153
0.09395218002812933
0.8596330275229357
0.258528951486698
-0.06343825665859562
0.13322580645161294
0.19407979407979403
0.17990654205607476
-0.13078651685393256
0.03821138211382116
-0.02321083172147002
0.29374999999999996
0.08492890995260655
-0.2846299810246679
-0.023917525773195922
0.08488458674609084
-0.01214057507987218
0.04988235294117645
-0.04794344473007706
-0.07142857142857142
-0.19467213114754098
-0.03529411764705882
0.022222222222222223
0.7321212121212122
-0.23938572719060525
0.3491319444444445
-0.026588750913075304
-0.053923853923853994
0.31833740831295854
0.40738688827331493
-0.4107843137254902
0.3857142857142857
0.1785046728971962
0.15590778097982716
0.07230895645028759
-0.12860576923076922
0.06973572037510653
0.11274638633377129
0.19442508710801398
-0.20042523033309706
-0.020877659574468146
-0.08396349413298562
0.013003095975232163
0.10790916209866872
0.06199543031226207
0.08840125391849527
0.09230769230769226
-0.01636828644501273
-0.05251727541954595
0.4984025559105431
0.46239316239316236
-0.011498257839721294
0.023450413223140544
0.17450331125827812
0.07098765432098765
0.2742616033755274
0.22292263610315188
-0.00966702470461869
0.11395007342143909
-0.0513595166163142
0.13110512129380045
0.04718810601163542
0.2509719222462204
0.14759087066779367
-0.048834853090172284
-0.1114893617021277
-0.09256689791873139
-0.02317666126418145
-0.22312746386333765
-0.11785714285714292
0.017420435510887733
-0.07518796992481203
0.35527299925205685
0.16304849884526565
0.030315500685871088
-0.09639344262295074
-0.16793002915451902
0.19561643835616432
0.016787103946637044
0.007936507936507936
0.03129584352078247
0.3882352941176472
0.010714285714285714
0.2947630922693268
0.5702917771883289
-0.05991285403050109
0.0730578512396695
-0.05051194539249151
-0.38429003021148034
0.07713815789473681
-0.08674698795180719
0.007001166861143524
0.34387096774193554
0.016770186335403656
-0.06118980169971678
0.13600973236009728
0.020015396458814474
0.02392523364485973
0.023773898586866092
-0.15896656534954412
-0.04835164835164838
-0.24203821656050956
-0.08088139987038234
-0.008936550491510277
0.07467001885606533
0.18372434017595302
-0.035051546391752536
0.02260569456427959
0.16414565826330538
0.03636363636363644
0.0935849056603774
0.023970037453183435
-0.17522580645161284
-0.17553342816500708
0.40638297872340434
0.04620938628158849
0.0822185970636215
-0.06177606177606178
-0.038135593220338986
0.25811001410437234
0.10657769304099138
-0.0913312693498452
0.12395128552097431
0.41495844875346266
0.012469437652811792
-0.04582651391162029
0.29243421052631574
0.1253924284395198
-0.11133844842284732
-0.018535825545171303
0.09152119700748126
0.02761241291956929
0.024203821656051026
0.28548009367681493
-0.033672172808132145
0.015447710184552228
0.2631272727272727
0.6724210526315789
0.17132284921369106
0.2297734627831715
0.12880143112701253
-0.07276190476190474
-0.12497472194135492
0.1358395989974937
0.2735483870967742
0.26592592592592595
0.15151515151515152
0.6745762711864406
0.16298268974700397
0.07725210628645499
0.09029850746268653
-0.2886158886158886
-0.023815461346633444
0.3154742096505824
-0.07467766890149559
-0.15243553008595986
0.11230949589683464
-0.19902912621359223
0.34247104247104243
0.2514588859416446
0.016549295774647848
-0.29016829052258636
-0.325
0.332258064516129
-0.15094594594594601
0.02089985486211898
-0.02057677318784107
0.536
-0.36687370600414076
-0.0016806722689075631
-0.07478753541076481
0.21967621419676212
0.018721461187214544
-0.2007604562737643
-0.04650112866817161
-0.07975460122699386
0.003314917127071792
0.10297435897435907
0.1847491638795987
0.11185250219490789
0.17185628742514975
0.2876008804108584
0.3957081545064378
0.09938650306748471
-0.08749136143745674
0.016195121951219422
-0.009597523219814311
-0.11020408163265309
0.07687687687687694
0.05973684210526313
0.048015122873345896
0.19707207207207209
-0.226890756302521
-0.11828298887122413
-0.028932261768082716
0.2533926585094549
0.08171334431630976
0.325691699604743
0.8260869565217391
0.08915662650602413
-0.07312252964426877
