0.17065462753950345
0.18944954128440372
0.04251968503937014
-0.14365671641791045
-0.2923339011925043
-0.04360269360269357
-0.17582417582417584
-0.21211267605633807
-0.31932624113475183
-0.3622063329928499
0.08231404958677678
-0.30580204778156994
-0.17308294209702663
0.7694117647058824
0.007670454545454513
-0.1286549707602339
0.4722733245729305
0.07823343848580445
0.5704600484261502
-0.1339031339031339
0.18359621451104097
0.270657507360157
-0.0344574780058651
0.7579737335834896
-0.06456020495303152
0.10618892508143317
0.07327586206896551
0.6894472361809044
0.5526122148638705
0.5189374464438731
0.15012106537530268
-0.08030139935414426
-0.21476635514018688
0.0471600688468158
-0.02151983860121049
0.35311827956989256
0.09097560975609759
0.49939393939393945
0.3663189269746646
1.1236842105263158
0.423529411764706
-0.0022675736961451248
0.09066427289048475
0.17938144329896905
-0.10873983739837398
-0.10068807339449536
-0.061961722488038225
0.02151224707135255
0.07064821558630735
0.039055118110236146
0.020041753653444724
0.01673306772908362
0.21591695501730096
0.26947368421052625
0.07465373961218834
0.08790637191157351
-0.009122006841505131
0.05831062670299721
0.42124833997343963
0.4109170305676857
-0.051245551601423404
0.15565217391304348
0.020608439646712464
0.06681415929203538
-0.1729257641921397
0.21056034482758632
0.12753363228699555
0.477956204379562
0.5741324921135647
-0.05656108597285068
0.3136204889406287
-0.09372262773722634
0.3945945945945946
0.4096209912536443
-0.09801907556859861
-0.3542635658914729
0.07052401746724893
0.3224528301886792
0.20208333333333325
1.1816326530612247
0.032885906040268455
0.2924281984334204
-0.1389888603256213
-0.1474660956459671
0.33670886075949374
0.4036281179138322
0.6038523274478331
-0.0740027510316368
0.022727272727272728
0.5806552262090484
1.3
-0.026896112173358855
0.8632653061224489
0.17436517533252727
-0.0012598425196849678
0.004351939451277114
-0.0021998166819432547
-0.0953323903818953
-0.012048192771084338
-0.1246861924686193
-0.23101045296167252
-0.3726425642937011
0.4167202572347268
0.3239999999999999
-0.10262045646661039
0.2359116022099447
0.07860262008733625
0.2063205417607223
-0.12818128994770478
0.27872340425531916
2.3859154929577464
0.12704257767548904
0.023217922606924596
0.05454545454545446
0.2751004016064257
0.34249471458773784
0.49061032863849763
0.13442340791738386
0.03710546574287917
0.06489151873767254
0.21611721611721613
0.3035051546391754
2.3499999999999996
-0.06587112171837714
0.035042735042734995
0.36444444444444435
0.21562178828365874
0.11304347826086947
0.12434514637904476
0.567402376910017
0.05125303152789013
0.20266666666666672
0.41113402061855664
-0.06800731261425957
-0.3631874298540965
0.02524084778420043
0.3016885553470918
0.5333333333333333
-0.17647058823529413
-0.07404505386875615
-0.12494331065759642
-0.20373443983402487
-0.07886178861788617
0.32296015180265664
2.2426666666666666
-0.14079999999999995
0.2765957446808511
0.13875968992248058
0.4624999999999999
1.3112781954887216
0.043202979515828764
-0.047670492910195754
2.709433962264151
-0.18857736240913814
-0.09600000000000004
0.009991079393398791
-0.0030075187969924324
0.10714285714285714
0.15775862068965518
0.11452471482889727
0.029222520107238546
-0.04028393966282173
-0.03747368421052634
0.04671052631578944
0.16663470757430485
0.26801275239107336
0.16372093023255818
0.04334415584415592
1.8657894736842107
5.411538461538461
0.31259931895573223
0.5609929078014184
0.8356481481481481
0.2511203319502074
0.3238683127572016
0.6355971896955503
0.05932553337921545
-0.26168446026097275
-0.21083172147001933
-0.03517241379310341
0.2919971160778659
0.022278481012658256
0.2700934579439253
0.14182041820418198
1.5879194630872484
-0.12491767288693738
-0.2827118644067797
0.238047138047138
0.042148760330578544
0.2260061919504644
0.192071611253197
-0.24635761589403976
0.46786427145708576
0.7934426229508198
0.2303510758776898
0.5079037800687286
0.05955176093916751
0.26999999999999996
0.3465181058495821
0.20894568690095852
0.22155555555555564
2.283561643835616
4.003846153846154
0.07205387205387205
-0.1660839160839161
0.020837927232635035
0.049954086317722766
0.03632958801498123
0.7330882352941176
0.36871035940803376
0.24672290720311488
0.2184000000000001
0.01231671554252196
0.0950058072009291
0.10227272727272728
-0.027001569858712788
0.18749111584932476
0.03830935251798553
0.05813806206459782
-0.025745950554134735
0.03170731707317078
0.20281030444964876
0.11833333333333329
-0.17653429602888093
-0.2431535269709543
-0.09482758620689655
1.12
0.0914209115281502
-0.03495630461922597
-0.06270996640537514
-0.10116279069767442
-0.04025695931477519
0.3975409836065574
0.13060606060606067
0.16698795180722895
0.22864583333333335
-0.06906976744186044
0.023835832675611717
-0.02196531791907521
0.0015424164524422178
-0.07349081364829396
-0.03021978021978022
0.3964426877470356
0.17655571635311143
-0.05924170616113744
-0.03829787234042547
0.06290322580645163
0.002857142857142857
0.3207708779443254
0.1412322274881517
0.01976470588235289
0.11803051317614427
-0.30257069408740356
0.0076465590484282074
-0.17439024390243898
0.06845528455284557
0.175764993880049
-0.1506775067750678
0.44370179948586125
0.3521839080459771
0.6631578947368421
0.34257425742574255
-0.05006289308176095
-0.25896739130434787
0.059354838709677504
-0.19433962264150947
-0.018691588785046728
0.9567010309278352
0.035909631391201007
0.03913043478260862
0.06770480704129993
-0.11702325581395345
-0.05043050430504305
-0.10911492734478206
0.863768115942029
0.05014925373134337
0.10128654970760237
0.1233995584988962
0.04234647112740609
