0.02916842549598983
0.052074456156088765
-0.012844036697247707
0.028198970840480213
0.01854383358098071
-0.05398840739718463
-0.014394463667820039
0.0357667386609072
-0.054316069057104885
0.14688483322844562
-0.03421052631578956
0.13596491228070176
0.05340236686390536
-0.025135869565217392
0.009746588693957114
-0.09361233480176212
-0.07065420560747665
0.033822393822393784
0.14876150035385707
0.07861471861471858
-0.0028258887876024697
0.055355954757152395
-0.10688665710186514
-0.029854368932038862
-0.031430805316653675
0.10469919185872499
-0.0374123773282596
-0.037025745257452634
0.046794871794871865
0.048081841432225096
-0.17809604043807917
-0.0410958904109589
-0.01079175704989159
0.016488794023479237
-0.0059665871121718375
0.07794088862791149
0.03467221644120715
0.05734780922838313
0.06211230488546516
-0.34814814814814815
0.36369636963696367
-0.030662824207492823
0.12893309222423138
0.09493941553813261
-0.0008695652173913373
-0.08357348703170028
0.09420731707317066
0.09295499021526418
-0.04816132858837488
-0.058097686375321395
0.2735314130188251
0.23443609022556383
0.2305509576732088
0.2057460611677479
0.35437821927888147
0.23088981097279862
0.12075471698113203
0.2761363636363636
0.2143483275663206
0.17943458980044336
0.27346657477601644
0.03368902439024394
0.06840596330275227
-0.014371257485029917
0.19427670121676427
0.135822571588995
0.18084239130434784
0.10000000000000003
0.1539693128752501
-0.013421052631579007
0.044136807817589614
0.013952164009111617
0.08941574936494501
0.10679948029449975
0.04883866917765215
0.04570056743780001
0.02245614035087711
0.26288659793814434
0.3595505617977528
0.3372954349698535
0.3563876651982378
-0.34626865671641793
0.1238390092879257
0.07667830811020564
0.09400630914826508
0.19146117040853877
0.018531645569620208
0.18700305810397547
-0.03947089947089942
0.2070414847161573
0.1637083993660855
0.2814519056261343
0.132565445026178
0.04836339345357377
0.09330470427483896
0.09011584914961804
0.1379520520113775
-0.09844559585492228
-0.04009060022650054
0.026009582477754964
-0.014312152991980288
-0.05259391771019681
0.003228410008071025
0.06183368869936034
0.02309711286089242
0.06198267564966314
0.16231247713135744
0.0388366499015964
0.15641134151502323
-0.01670061099796328
0.003372243839169939
0.03469785575048724
0.09399999999999996
1.24093567251462
-0.132896174863388
0.017243186582809274
0.01824196597353493
-0.0831644583008574
-0.021779713752333542
0.06399999999999995
0.09375
-0.0090196078431373
-0.12448759439050698
-0.17880126182965306
0.06084905660377361
0.12585844428871754
-0.06211265194316045
-0.03963553530751703
-0.012594893029675638
-0.12504103592923588
-0.1679869067103109
-0.1141739980449658
-0.026562499999999937
-0.14644223412394805
-0.011265622249603943
-0.030897626112759712
-0.01083537224746592
-0.12559605911330043
0.07952204367531933
0.017404513888888848
0.10107165370876235
0.10138526400321221
0.09678878335594754
0.021330517423442497
0.01395219566425787
0.030132052821128477
0.047199220652703405
0.049020059949273775
-0.07831125827814563
0.0872427983539095
0.3286173633440514
0.047681539807524057
0.017222328062488024
0.01635002878526191
0.0509986065954483
-0.06166281755196298
0.05865834633385339
-0.03530997304582217
0.5237113402061855
0.13082666666666676
0.13986301369863016
0.04988473951129544
0.007817303469477463
0.051756198347107464
0.057690342360756305
0.1259548369110678
0.039096217314039096
-0.075116495806151
-0.04303586321934938
0.16981132075471697
-0.1546848381601363
0.19770114942528738
0.13953388924524276
0.061993769470404914
0.014638191996682638
-0.0065451145395044414
0.0019527702089010817
-0.01269841269841266
-0.01298646362098131
-0.007070444502209466
-0.05439521800281288
-0.06024486024486029
-0.06560846560846564
-0.010123555201275445
-0.17669764117226594
-0.01683044488118632
-0.10553016453382089
-0.04873862158647597
-0.03713826366559489
-0.07822152272280157
-0.06386233269598478
-0.050118953211736754
-0.11045863694813537
-0.023550226066443913
-0.06960401561628553
0.13587628865979376
0.015337796713329303
-0.07603906427435843
-0.06756818702727485
-0.02833158447009444
0.12396662138560066
0.06053097345132747
0.14038461538461539
0.03327841845140041
0.42738589211618255
0.1730061349693252
-0.016604208705678844
0.07145631067961171
-0.1488396624472574
-0.008641114982578461
0.14980744544287544
0.024371859296482383
0.013156602847324585
-0.0030390738060781805
0.1395318595578673
0.19237057220708453
0.04948275862068973
-0.15846593227254185
0.008376963350785374
0.020779220779220828
0.06947723440134915
0.003058216654384739
0.10259380508687979
0.07603943420488646
0.07974633372968681
0.0651840490797546
-0.025536062378167686
-0.03033735533119917
-0.05989920806335496
-0.024248599083036122
0.07395171537484123
-0.017456734386756996
-0.012931696085955418
-0.02929391169033269
-0.005956294720556987
-0.012539184952978056
0.1487323943661972
-0.020738137082600975
0.14156700024408103
0.22195329087048823
0.09656577415599539
0.12707006369426757
0.15280490574608227
0.09141118652000944
0.045099739809193407
0.04140179299103501
0.06467576791808877
0.022727272727272728
-0.09450549450549454
0.0064606741573034025
0.1237763669875076
-0.042380316612626326
0.2853211009174311
-0.24860421305017988
0.03614931237721017
0.10866141732283459
-0.08135398737808373
