-0.043287671232876794
-0.0387243735763098
-0.19586206896551728
-0.30553745928338766
-0.2835788325150027
-0.37596958174904943
-0.20843989769820973
-0.3267578125
-0.3223052294557097
-0.2980804953560372
-0.022408687068114556
-0.242042042042042
-0.16264534883720927
0.06043613707165102
0.13368983957219252
-0.039816232771822356
-0.20043907793633373
0.019875776397515456
-0.09894291754756873
-0.02694063926940642
-0.0002781641168289923
0.18517872711421107
-0.016309012875536447
0.08285410010649623
-0.37206085753803597
0.0997759522031366
-0.17999999999999997
0.3274647887323944
0.040722891566265004
-0.18820255982192546
0.0687230989956958
0.043164230438521106
-0.11781170483460562
-0.13662337662337667
-0.010362694300518135
-0.28157271435338704
-0.38636089318044664
-0.3642698295033358
-0.26463878326996193
-0.31149425287356325
0.01573638197713523
0.16422513492675406
0.2731967943009795
-0.23328402366863912
-0.06872037914691943
-0.16531165311653118
0.3657754010695187
-0.25046999276934206
0.4254545454545456
0.19423963133640543
-0.05334281650071124
-0.004809619238476984
-0.006340057636887521
-0.11898285038438797
0.0234375
-0.12688172043010756
-0.07932960893854742
-0.06659192825112105
0.23716216216216213
-0.1805049088359047
0.11735537190082636
-0.17040462427745662
-0.17415658816040733
0.04552352048558422
-0.152276295133438
0.386046511627907
0.35580524344569286
-0.033887043189368735
0.11103202846975085
-0.2796398891966759
0.2365535248041776
0.363888888888889
0.23333333333333325
0.681437125748503
0.14744376278118615
-0.033226837060702806
0.1908826382153249
0.24606741573033714
-0.037614678899082606
-0.19189655172413794
-0.05636942675159232
-0.19697986577181203
-0.11438848920863307
-0.07250608272506086
-0.15306859205776174
0.38189300411522636
0.21734104046242772
0.05533596837944664
0.2339572192513369
0.03729903536977499
0.11155172413793112
0.3990595611285267
0.19626556016597516
0.1786339754816112
0.33969144460028056
-0.06340425531914896
0.07661290322580645
0.3324999999999999
0.15809968847352024
-0.12871287128712872
-0.18026070763500934
0.05771626297577861
-0.12891246684350138
0.04792107117688513
0.04960422163588393
-0.04253490870032226
0.2960843373493976
-0.09705882352941177
0.16174496644295303
0.2426287744227354
0.4498516320474778
0.20818815331010454
0.27083716651333956
0.29054393305439336
0.1087753134040501
-0.48386568386568385
-0.16173285198555953
-0.3932432432432433
0.4657458563535912
0.3373801916932908
0.5204633204633206
0.2512249443207126
0.19923469387755108
0.3589041095890411
-0.10338345864661654
0.2538053097345132
0.2867692307692307
0.24587813620071694
0.12182254196642689
0.12225249772933688
0.5121577217962759
0.044970414201183494
-0.13844936708860758
-0.20132560066280034
0.004470588235294064
-0.203
-0.13078677309007988
-0.2035623409669211
0.4110410094637224
0.19681697612732094
0.35528455284552835
0.40240963855421685
0.6333333333333332
0.27657657657657647
-0.3697916666666667
-0.33031735313977045
-0.22160664819944598
-0.2546419098143236
-0.17984375000000002
-0.2753623188405797
-0.055893536121672964
0.25549206349206355
-0.0051508462104488595
0.35102040816326524
-0.034222631094756255
-0.12461161079313172
-0.08536209553158702
-0.12119341563786004
-0.10273327049952875
-0.017218543046357577
-0.0032564450474897927
0.16623574144486686
0.13736501079913613
0.1696019300361882
-0.030790568654646387
-0.015617977528089862
0.08923076923076917
0.043286867204695524
0.18695187165775395
0.07244995233555768
0.3952380952380952
0.12446351931330472
0.0911627906976744
-0.11049538203190588
-0.20294117647058818
-0.09116684841875684
-0.13220338983050853
-0.16863999999999996
-0.009195402298850634
-0.0008
0.17471872931833224
0.0447852760736197
-0.04556650246305419
-0.05521936459909228
0.12839160839160832
-0.14035087719298245
-0.17983539094650208
-0.039792984473835565
-0.08267117497886725
-0.4553333333333333
0.03368237347294931
0.4126315789473683
0.318796992481203
0.24350453172205444
0.005442176870748377
-0.017968749999999978
0.4288461538461539
0.25463659147869677
-0.08065395095367843
0.03884555382215285
0.035856573705179286
0.22313084112149534
-0.06646884272997032
0.14801762114537456
0.012858555885262116
0.11343915343915349
-0.00037878787878796493
-0.009937888198757728
-0.06390243902439022
0.00796019900497505
0.03988919667590021
0.08033472803347276
-0.0322097378277153
0.2876166770379588
-0.03119584055459272
-0.1341004184100419
-0.13761814744801515
0.02098765432098763
-0.01780821917808219
0.028227194492254692
0.04254215304798956
-0.0020036429872495863
0.05081967213114754
-0.0006963788300835655
-0.04542372881355932
0.12586719524281467
-0.21235521235521235
-0.31900191938579653
0.1811965811965811
-0.17870538415003032
0.04854092526690395
0.15276381909547745
0.16673960612691477
0.2865707434052758
0.24114832535885156
0.1371933267909715
0.3965116279069767
-0.10364842454394693
-0.09783783783783781
0.11555555555555562
-0.03529411764705885
-0.1330612244897959
-0.10593490746649649
-0.08035502958579879
0.28586118251928017
0.20431137724550902
0.22911877394636013
0.054254711593375214
0.09258809234507903
0.04596774193548378
-0.01404011461318045
-0.10858059342421819
-0.10413533834586462
0.028462273161413518
0.2630872483221476
-0.19139784946236557
0.3820773930753565
0.1821848739495798
-0.24556962025316456
-0.3118131868131868
-0.2203208556149732
-0.2866377231066088
0.0013473053892215229
-0.06109890109890112
0.07034482758620682
-0.08551724137931038
