0.01013215859030842
-0.018611521418020714
-0.06124567474048439
0.37339593114241004
0.10123796423658875
0.19366515837104067
0.33373205741626794
0.18407960199004975
0.12151898734177217
0.0012942191544434857
0.08877005347593575
0.18465227817745802
-0.12935708752904726
-0.09544668587896249
0.4621212121212121
0.18771615980918305
0.18222811671087524
0.21443298969072164
0.08692206076618224
0.11394658753709204
-0.05167883211678829
0.0004675628287550874
-0.035879218472469
0.12775991425509114
0.025433526011560695
0.14044117647058818
0.06998135487880666
0.21604938271604937
0.2653289780681288
0.26679536679536686
-0.04294019933554821
-0.3103517587939698
-0.13067027758970887
0.06589018302828623
-0.055119322555812096
0.13313539192399051
0.8614525139664804
-0.1714285714285714
-0.022222222222222195
0.266904761904762
0.09178082191780815
0.6244067796610169
0.0533175355450237
0.12459016393442617
0.030274509803921497
0.09475465313028765
0.3074137931034482
0.3063772048846675
0.14457215836526188
0.14734917733089584
0.06172248803827758
0.3055745164960181
0.10582804385458747
0.003222453222453246
0.2643250105797714
-0.051325301204819304
-0.138243123336291
0.15782973092192332
-0.10538775510204074
-0.10477489768076392
-0.0004936530324400885
-0.034633385335413366
0.531895777178796
0.4297435897435898
0.005253940455341506
-0.05413324032089285
-0.056107539450613676
-0.023076923076923016
-0.04234234234234234
-0.10826855123674915
0.1752452125175151
0.08338762214983714
0.14529767040552208
-0.04639639639639645
-0.16574307304785896
-0.609090909090909
-0.14963054187192118
-0.15527426160337549
-0.0772556390977444
0.22108987968860586
0.04481203007518802
0.15388127853881278
0.1842219804134929
0.07044270833333337
0.19264270613107817
0.16574394463667824
0.14883720930232555
0.34404460212873805
0.25784238714613616
0.3173617846750728
1.2521739130434784
0.07865979381443294
0.1949172576832151
0.07441860465116283
0.09559877175025598
0.18752025931928695
0.07718429430491681
-0.17882352941176474
0.45573770491803267
-0.2883218842001962
-0.09522546419098137
-0.32584745762711864
0.004674796747967541
0.06531986531986525
-0.26254416961130744
0.40831062670299734
0.34202279202279207
0.5523659305993691
-0.4062316284538507
-0.17754220651747146
0.40877192982456134
0.12219827586206906
0.6173913043478262
0.40547112462006074
0.11401384083044978
0.14320000000000005
0.15317545748116249
0.08670520231213873
0.29810834049871027
0.3157048940832725
0.15547445255474443
-0.025942809780356364
-0.0216091954022988
-0.030051329911339287
0.2226012793176972
0.026396761133603164
0.1208854667949951
0.3363636363636364
0.1276231263383298
0.20253878702397746
-0.053113358169238935
0.06795096322241673
0.12103386809269158
0.1291689299293863
-0.14518705338377474
-0.028799419659049724
-0.0759588400374182
-0.02804463852498785
-0.040226628895184156
0.08860465116279075
0.09595375722543359
0.17969432314410472
0.19884192240880144
0.14988946204863676
0.17257525083612046
-0.0015839493136219642
0.5049723756906076
0.4780058651026393
0.8292993630573248
0.07805255023183925
0.1974358974358974
0.016448598130841038
0.11334120425029516
0.20859208847299027
0.1922715404699738
0.7293577981651376
0.19958847736625515
-0.048864265927977865
0.0273239436619718
0.05481171548117152
-0.49923664122137407
0.03942652329749104
-0.04802043422733081
0.026683608640406607
0.5969052224371374
-0.22717979555021042
-0.421342512908778
-0.01017202692595356
-0.09947460595446576
-0.0772687986171133
-0.06577981651376151
-0.10004395604395601
-0.05154639175257732
-0.5848101265822785
0.10923694779116469
0.19316868102995266
0.28718411552346573
0.48249999999999993
-0.002408602150537595
0.06155102040816334
0.30766087844739537
0.06555697823303464
0.12669075890552406
0.0473469387755103
0.4112965340179719
0.2867126833477135
0.12167216721672174
0.27034813925570234
0.2689542483660131
0.17115839243498812
1.3677083333333335
0.12731707317073168
0.008288770053475997
0.024254342838413635
0.025945085555113337
0.08394863563402882
-0.051989839119390424
0.06399999999999996
-0.061455788959452834
0.22708661417322842
0.5895424836601306
-0.03832807570977911
-0.05669291338582677
0.2235038084874865
0.058615136876006405
0.5273170731707318
-0.11211146838156487
-0.0969555035128806
-0.024293785310734527
0.47540983606557374
-0.04963680387409201
0.041401971522453486
0.10121863799283157
0.013646877409406358
-0.05860188398611802
0.07920685959271166
0.16564841498559082
0.01602101116217997
0.13704600484261506
0.003676470588235294
0.14890510948905106
0.492994611239415
0.5176470588235296
0.26196078431372555
0.3016567263088138
0.10451612903225807
0.21406347230864967
0.19861591695501726
0.3394495412844037
0.0826373626373626
0.1489177489177488
0.43198146002317495
0.11926605504587157
0.12345215759849898
0.11088646967340583
0.11769436997319029
-0.01899897854954037
0.052819472616632786
0.1593593593593594
0.11076923076923083
0.2741284403669724
0.2711320754716982
0.031123919308357312
0.11540983606557373
-0.03540669856459327
0.08825870646766173
-0.15674232309746325
-0.02184133202742405
0.4394632991318074
0.6386524822695037
0.5593625498007969
0.12988133764832804
0.09685075308078495
0.013386613386613363
0.19138240574506288
0.019440860215053684
0.09925410243659866
0.04575645756457556
-0.14974999999999994
0.160435212660732
0.20431654676258998
-0.04969040247678022
-0.0454961832061068
-0.03874538745387454
-0.2175714285714285
0.014462081128747875
0.05886736214605067
0.04689119170984462
0.19574105621805787
0.24725568942436418
0.7639344262295081
0.4712871287128712
0.22564102564102573
-0.014760994263862298
-0.19290969899665558
-0.10022133687472337
0.045896147403685056
0.11350564251911183
0.054161073825503385
-0.06851851851851846
-0.021711057304277716
0.7644776119402986
-0.5118804091266719
-0.04098645362973254
-0.12325203252032525
