0.05084388185654013
0.09946695095948822
-0.5161825726141079
0.2755417956656347
0.16526366715045956
-0.014027476500361598
0.30689655172413793
0.1016949152542373
0.10558659217877095
0.021423220973782704
0.006414253897550152
0.07843734145104003
-0.0003439972480220158
0.06436651583710405
0.07460465116279073
-0.017837338262476854
-0.1510121457489879
-0.05553914327917286
-0.0023952095808383576
0.08641179180101331
0.10736117089969871
0.22063400576368886
0.20815876515986773
0.07152754866380738
0.144605324614666
0.14889802017183412
0.08482972136222904
0.04779005524861882
0.07983228511530402
-0.21128205128205121
0.030592734225621414
-0.10157894736842112
-0.0067924528301887225
0.02881597717546369
0.024712643678160985
-0.01704475781728998
0.11374999999999993
0.046800731261426004
0.176867469879518
0.08314606741573029
0.2905982905982906
0.07093451066961007
0.10097087378640773
-0.06077348066298342
0.012857142857142857
-0.2689342403628118
-0.1696113074204947
-0.1284285714285714
0.03184713375796178
-0.20310077519379846
-0.016976744186046538
0.0028953229398664374
0.000842696629213515
-0.32065573770491806
0.22937499999999994
0.17572254335260115
0.04780199482822316
-0.1209932279909707
0.03279742765273308
0.015966386554621896
-0.059181286549707626
0.15120101137800257
-0.13530927835051546
-0.032107023411371186
0.10896892655367228
-0.02969314079422391
-0.08707909162098672
0.07471264367816093
-0.40788530465949824
0.2909458367016977
-0.1260869565217391
-0.0873626373626374
0.016846430405752417
0.11596638655462181
-0.48333333333333334
-0.4632352941176471
-0.20125786163522014
0.03147853736089023
0.08440221694378457
0.2491628614916287
0.10665622552858266
0.12365482233502541
0.1308411214953271
0.007797270955165692
-0.11888544891640872
0.2410195613515115
-0.01617647058823521
0.18337408312958436
0.068032786885246
0.05811704834605589
0.1349206349206349
0.08569236670502496
0.20475435816164825
0.15598662207357863
-0.02470389170896789
0.04999999999999994
0.04762605815237397
0.07148372862658572
0.10116731517509728
0.288041775456919
0.39638802889576874
0.06159230096237978
0.1537242472266244
-0.006310013717421156
0.04622144112478024
0.14143386065297872
0.10383925367778978
-0.05142857142857143
0.4779888268156424
0.5301330248698669
0.24136003726129474
-0.030296456977585026
-0.011283185840707931
-0.17939914163090134
0.13088235294117656
0.08290909090909095
-0.05020384391380317
-0.02399505256648111
-0.1827362674854998
0.11564202334630343
1.9681159420289858
0.26088631984585736
0.8239726027397261
1.8258064516129031
0.7357142857142859
0.36476190476190484
0.00016380016380020105
0.017472572125152377
-0.16195856873822975
-0.06645569620253164
0.038782608695652095
0.6348993288590604
0.5106976744186046
0.12809187279151943
0.08873128447596526
1.991304347826087
0.2724489795918368
0.3711340206185567
0.2025185185185186
-0.05860337745321775
-0.02899118511263473
0.03330664531625293
0.06336886993603408
0.006831683168316809
0.20378071833648384
-0.182053494391717
0.14630681818181818
0.20066298342541444
0.22964918898528863
0.2253918495297805
0.059090909090909034
0.07606226335717298
0.08779239766081864
-0.06471734892787522
0.009662576687116495
0.06496551724137935
-0.09087656529516996
-0.10736040609137058
-0.23560439560439558
-0.07322704782847721
0.012426035502958547
0.03655913978494627
-0.08428093645484946
0.0409638554216867
0.08290062667860332
0.3478210342823939
0.6171952078928824
0.3791937581274381
0.5613354037267081
0.6055441478439425
0.5575815738963532
-0.13723849372384941
0.8831858407079647
0.1493764434180139
0.10348652931854192
0.15281643472498338
0.1595526561043803
0.15449010654490106
0.21307779030439683
0.0009584664536741578
0.5238649592549476
0.2971783835485414
0.051658966820663586
0.0180746561886052
0.10633484162895927
0.1809638554216868
0.09452449567723346
0.07960308710033082
0.22580645161290322
0.22016651248843663
0.04471101417666303
0.11158900836320183
0.19454926624737937
0.20685154975530173
0.13469735720375106
0.2676470588235295
0.1311016433353622
-0.043246753246753186
0.01911196911196907
-0.03396748529920436
0.057230142566191494
-0.02044417401886213
0.09094256259204712
0.04340723453908981
0.03549432739059964
0.06181818181818182
0.11020910209102094
0.10608203677510608
0.06315789473684211
0.20874751491053678
0.28135593220338984
-0.025477707006369428
-0.015206929740134701
0.06308186195826639
0.0006629834254143897
0.04031872509960152
-0.07461139896373056
0.0060606060606061465
0.4201333333333332
0.5295880149812733
0.28728923476005186
0.30690607734806624
0.2783744557329462
0.6331474103585657
0.03523447401774392
0.03463203463203463
0.1811320754716981
0.1308240081383519
-0.105
0.019277108433735018
-0.13568904593639577
0.0315484804630969
0.27201187824795847
0.16066154754873008
0.15002619172341544
0.19999999999999996
0.14422700587084158
-0.17034120734908131
0.02057416267942589
0.09038607115821354
-0.0186201163757273
-0.0781563126252505
0.08801031370863781
-0.0035862952289464674
0.09312227074235803
0.27783063748810655
0.2501340482573727
0.04723294723294729
0.03636363636363634
0.07335243553008602
0.12233741753063143
0.21456245824983303
0.07520482966796037
0.17219808861859257
-0.2032835820895523
0.08615819209039548
0.11780821917808211
-0.3333333333333333
0.23515151515151508
0.07578008915304606
0.376834862385321
0.1891126837234622
0.1449038461538462
0.30777562862669244
0.05569050832208735
0.09683112715603694
0.1583084152071764
0.41969696969696957
0.40994057266342526
0.22378854625550662
0.340551724137931
0.15017921146953397
0.11279426816786084
0.46061606160616064
0.30490018148820325
0.41281917665450746
0.01982758620689653
1.457516339869281
0.12394366197183099
0.06799046862589349
-0.028290282902829027
0.016431187859759337
0.001704545454545519
-0.03172242874845108
