0.08874734607218673
0.40625434329395405
0.12123978856319086
0.2998497370398196
0.24764119601328907
0.04392191659272405
0.15622133904004892
0.11712525667351122
0.026763574176998678
-0.010149253731343216
0.19752901535005613
0.22791005291005284
0.23141693073789035
0.033503691084611015
0.9740000000000002
1.1046874999999998
0.12548231511254013
-0.11306289542240423
-0.09635371805914439
0.01994704324801404
0.2601851851851853
0.11312217194570136
0.10596219098400383
0.15703001579778827
0.24304190377651327
1.3119341563786007
-0.08563291139240503
-0.019288025889967607
0.2624134159679184
0.4271139063591894
-0.011225658648339009
0.18624229979466128
0.03686774072686403
0.1848101265822784
0.1784946236559139
0.1939759036144579
0.13333333333333333
0.12487961476725526
0.10783912747102935
0.10357008643367152
1.0539130434782609
0.2716891356066613
0.9040685224839401
0.029593094944512947
0.13825503355704696
0.7966329966329967
0.39785330948121644
-0.00608108108108112
-0.04642305712815237
0.3487782805429865
0.22121212121212128
-0.09688073394495415
0.04063173007896619
-0.07131011608623548
-0.020664739884392998
-0.027662255828607492
0.6359999999999999
0.6393700787401574
0.46031413612565436
0.20200477326968966
0.1533438985736926
-0.1700892857142857
0.04967860422405868
-0.09992716678805538
0.08808796579108127
0.23534798534798534
-0.17129044254369652
-0.576932956588749
-0.3311765838628924
-0.33989959359311506
-0.18993548387096781
0.0408033826638478
-0.17787234042553188
0.15774730084622116
0.06989835809225965
1.2864406779661017
-0.07804604154969118
0.2840034217279726
-0.048677819751753934
0.313429106808245
0.026944757609921058
0.823170731707317
0.6423645320197046
0.1718390804597702
0.043377226955848176
0.2726857887874837
0.13036624942049133
-0.1404720782959125
0.0830165542611895
-0.07047898338220922
-0.16354393609295573
0.06559037670148775
0.31234567901234567
0.031075697211155422
-0.14759522893420543
0.023676012461059142
-0.056016597510373446
-0.2193895870736086
0.10916030534351154
0.20433772269558478
0.26097987751531054
0.29851150202977
0.3355555555555555
1.5733333333333335
0.10563307493540057
0.596031746031746
0.2532467532467532
-0.013016411997736276
0.019018087855297135
0.6445637583892618
0.36982131039047
0.8645533141210374
0.6847866419294991
0.5325474115838031
0.8710059171597633
0.340085744908896
0.7732283464566929
0.32980056980056993
-0.0010378057820608533
0.0734285714285714
0.34074979625101864
0.3722131147540983
0.004072598494909171
0.3271571298819256
0.07919075144508664
-0.04985706117781592
-0.144973544973545
0.37146067415730327
0.20987884436160303
-0.03710554951033735
0.1769605671245016
0.1352064220183486
0.0367538564721663
0.13356997971602438
-0.03035122597746849
0.13154084798345403
-0.009268292682926857
-0.14683281412253368
0.2877300613496933
0.23791874554526013
-0.00816326530612245
0.08352331606217607
0.16272108843537417
0.19104938271604932
0.18157303370786523
0.3666837519220913
1.000896860986547
0.8077310924369746
0.17951030927835046
0.07881773399014778
0.0717811158798283
0.02981366459627329
0.1079181961195596
-0.37910863509749304
-0.1019644527595884
0.20124610591900308
-0.5
0.10902360018509945
0.09028571428571434
0.33840000000000003
0.4199709161415415
-0.059307472012496795
0.12033167495854069
0.48194726166328605
-0.07516254876462933
-0.09784442361761947
-0.20425985090521834
-0.18330658105939002
0.11790163934426226
0.016477987421383677
0.21354656632173094
0.029322942036044724
0.21244755244755242
0.16429056347589951
0.3764027267960148
-0.1565705128205129
-0.12391445236552175
-0.021137309292649047
0.19889391654097532
0.8132596685082873
0.5073643410852712
0.3530120481927711
0.3756332931242462
0.18998272884283246
-0.12384105960264893
0.11105157401205623
0.1552933009371746
0.09970149253731336
0.6452316076294277
0.7353790613718412
0.22594142259414227
0.4980645161290323
0.4718387293830178
0.6357314148681056
0.5192825112107623
-0.11812865497076017
-0.07919191919191917
-0.04702213907078272
0.023326432022084165
0.5073604060913705
1.0320939334637966
0.2243761996161228
0.18368745716244003
0.06118251928020568
-0.00017311021350257041
0.36551724137931046
0.016744186046511674
0.062224352828379764
0.0027303754266211344
0.3207055214723927
0.015079673532841112
0.7599508599508599
0.3079956188389924
-0.09970588235294112
-0.3405498281786941
-0.20132158590308366
0.11631205673758858
0.3079410366143604
0.5183471074380166
0.45007664793050595
0.4689839572192513
0.6170903190914008
0.4264410364886304
0.018295739348370955
0.07710280373831775
0.28831683168316835
0.3124602894458171
0.15559423172550974
0.24712191633893452
0.35425829668132747
0.15246977547495685
0.12827899924184993
0.14251497005988023
0.18080808080808075
0.06425919676004054
0.5475234270414994
1.7176470588235293
0.31144278606965164
0.18842975206611573
0.26829727187206026
0.29471389645776574
-0.20186915887850473
-0.22927161334240978
0.35374703289250586
0.4926773455377575
0.21591337099811672
0.05346534653465343
1.4466321243523315
-0.01752021563342318
-0.11224376731301934
-0.15879396984924618
-0.16446644664466448
-0.13934311670160734
-0.00948429164196799
0.26753904601097517
0.3076543209876543
0.6681952662721894
0.23830104321907597
0.44060657118786856
0.4882043576258452
-0.02103321033210328
0.20562620423892097
0.07208271787296891
0.3758192090395479
0.3955967555040557
0.43108252947481246
-0.46064318529862175
-0.09701627486437608
-0.10157553290083413
0.06854384553499601
0.021618798955613625
-0.05873393622084726
-0.03719611021069699
-0.048526077097505615
0.04412107101280556
0.3034642032332564
-0.06615776081424936
-0.02545655783065855
-0.07475035663338085
0.1845161290322581
0.1497167138810199
0.2821869488536155
0.057007125890736345
0.12242990654205614
-0.06471111111111107
0.04630872483221474
-0.20294117647058818
