0.8908180300500833
0.6055800293685758
0.5122186495176849
-0.124282982791587
0.3098265895953756
0.7218045112781954
0.26391752577319594
0.34180064308681674
0.6400000000000001
0.14812499999999992
-0.010750279955207193
-0.05292620865139952
0.05559895833333339
0.05027624309392262
0.6276923076923077
-0.030905636478784013
1.1865671641791045
-0.11385681293302544
0.0027607361963189487
0.029980276134122377
0.03606853020739405
0.08237378210806023
-0.19320882852292023
-0.35348837209302325
0.01148857319332916
-0.19006387508871536
-0.15557163531114326
-0.09401427786930261
0.22873399715504972
0.005592347314201552
0.035565476190476154
0.009437086092715307
0.02736696613683477
0.1966329966329967
0.1338541666666666
0.21917381137957914
-0.0744630071599045
0.06753246753246749
0.26473282442748086
0.25092091007583955
0.1703549060542798
-0.11180124223602485
0.1694117647058823
-0.22567567567567565
-0.160864040660737
-0.03686382393397518
-0.1632016632016632
-0.034493670886075876
-0.03925233644859816
0.16923076923076918
-0.10849673202614382
0.2634686346863469
0.20108892921960064
0.20856269113149845
0.12913968547641064
0.14907677356656956
0.09889624724061813
0.22328213419563464
0.076882430647292
0.16715596330275234
0.1883792048929663
0.5447098976109216
0.13525913338997456
0.03625377643504532
0.018518518518518517
-0.22025316455696203
-0.01617418351477446
-0.10396600566572235
0.1240048250904704
0.24375000000000005
0.17415094339622633
0.06341030195381891
0.17647058823529413
0.16034482758620686
-0.08346883468834691
-0.0426845637583892
-0.1995351539802441
0.0277936962750716
0.016440831074977458
0.21492537313432833
0.13361774744027297
-0.013031161473087883
0.20320366132723103
0.16679999999999995
0.4509554140127389
-0.04516129032258067
-0.07904967602591798
0.19351656095842135
-0.07907742998352553
0.21956521739130438
0.16037735849056603
-0.08995901639344257
0.16845965770171142
0.2168421052631579
0.22809611829944543
0.3045774647887324
-0.4030257186081694
-0.19661458333333334
-0.2868200836820084
-0.15958188153310107
0.22505338078291817
-0.07665056360708539
0.6872154115586689
1.0066420664206641
0.762993762993763
0.1669054441260745
-0.11951951951951956
0.014671814671814672
0.03672039243167491
0.9623762376237622
0.4023133543638275
0.16725978647686832
-0.1986970684039088
0.2610169491525424
0.24042553191489366
0.22529118136439263
-0.3233333333333333
0.049848484848484816
0.16672131147540992
0.13839835728952768
0.2649045521292217
0.3627712854757929
-0.05834862385321107
0.03341645885286777
0.35294117647058826
0.02278893109061313
0.8057599999999998
0.05571428571428579
-0.08253615127919917
-0.3458500286204923
-0.567624810892587
-0.06352941176470595
-0.39015706806282724
-0.51338199513382
0.07014925373134326
0.08362676056338028
-0.015045135406218655
0.07480438184663529
-0.1508403361344538
0.11374999999999993
-0.26034063260340634
0.11546391752577323
-0.031520737327188984
0.037227722772277136
-0.07144298688193738
0.36878612716763004
0.336117936117936
1.1212765957446809
1.1908396946564885
-0.32870333199518265
-0.5066532258064517
-0.20701754385964916
-0.31906577693040994
-0.41037735849056606
-0.4737293729372938
-0.41733766233766234
-0.3404572036150984
-0.02684824902723741
0.03436322532027122
0.1639246778989099
0.08333333333333333
0.14435986159169545
0.42375478927203075
0.279850046860356
0.5036789297658864
-0.0224767358625627
0.2642335766423357
0.18682842287694967
0.3907131011608624
0.2875598086124403
0.3647058823529412
0.4265693430656935
0.9866666666666667
-0.13203883495145632
-0.12508305647840523
-0.15847255369928395
-0.042758620689655226
-0.036230558096980704
0.05344352617079884
0.21721739130434778
0.19716629381058917
0.009267241379310369
-0.04489795918367343
0.12445582586427663
0.12109181141439208
-0.20322580645161292
0.03567787971457696
1.123943661971831
-0.15364041604754824
-0.10579964850615112
0.05765004226542692
0.23189792663476871
-0.16802906448683017
-0.04558080808080811
-0.08384798099762474
-0.047459893048128345
0.23505154639175255
0.1756198347107438
-0.01043956043956047
-0.10179789212647244
-0.0194852941176471
-0.14873603762492651
-0.16071428571428573
0.36851574212893545
0.5442307692307693
0.9062706270627063
-0.16703406813627258
-0.23012790146849832
-0.2241717218852077
0.07052023121387284
0.02984014209591466
0.026591230551626526
0.36543209876543215
-0.03269424823410694
0.025824175824175864
-0.19001161440185832
-0.21255506607929514
-0.04671201814058962
0.1915174363807729
0.16420361247947454
0.1429967426710097
0.0331536388140162
0.010165339865278573
0.10092542188350577
-0.045498953244940715
0.24044321329639898
-0.14681059862610404
-0.0734446130500759
-0.04839160839160842
1.2229007633587785
0.48768328445747805
0.46577181208053703
0.48488549618320614
0.1390572390572391
0.9519163763066204
0.41622377622377627
-0.3
0.17161572052401744
-0.01650349650349644
-0.12357512953367873
-0.3509225092250922
-0.026809015421115093
0.20300751879699247
0.6320441988950275
0.09956222639149472
0.25680751173708916
0.22969247083775177
0.29835294117647065
-0.039603960396039604
0.024203821656051026
0.5171974522292992
0.03854489164086684
0.0
-0.10834340991535674
-0.03347280334728033
0.05669421487603298
0.3709043250327654
0.5737072743207712
0.8048
0.4336448598130841
0.22127659574468084
0.35205882352941176
0.7130434782608697
0.2880308880308881
0.3907590759075907
-0.18446833930704895
-0.20359204618345098
-0.5054026503567788
0.06655348047538208
0.009430604982206325
0.026683608640406607
0.06699029126213589
0.47083333333333344
0.12961240310077524
0.0369565217391305
-0.13079249848759833
-0.11769331585845341
-0.1292781832927819
-0.212914798206278
0.3813471502590673
