0.01674418604651163
0.13103887826641167
-0.03772455089820355
-0.20937499999999998
0.09849246231155778
-0.004935370152761511
0.01289592760180993
-0.11537242472266236
0.028474576271186363
-0.02485746864310143
-0.027624309392265192
0.1808353808353809
0.1694779116465863
0.13057644110275696
0.23958333333333334
-0.19343832020997373
-0.06966932725199547
-0.4967914438502674
-0.1103778605641299
-0.2421052631578947
-0.15335157318741452
-0.17744721689059498
-0.3107462686567164
0.1892744479495268
-0.07856115107913672
0.2086956521739131
-0.1224188790560472
-0.3561837455830389
-0.09482071713147415
0.28131868131868126
-0.11700934579439257
-0.18773669972948606
-0.2454478164322724
-0.0654011022657685
0.21098726114649682
-0.25845272206303727
-0.2851233094669849
-0.28403074295473957
-0.1729032258064516
-0.11041009463722397
-0.18511513157894738
-0.24993899959333057
-0.012987012987012988
-0.10374149659863946
0.026079136690647483
0.1899521531100478
0.25042735042735054
-0.02666666666666671
0.25861456483126116
0.4092105263157894
0.11909262759924386
-0.04436229205175601
-0.25535248041775455
-0.14213075060532684
-0.1603678929765886
0.41764705882352937
-0.04436229205175601
0.0007079646017698713
-0.043850267379679085
-0.2074966532797858
-0.041739130434782584
-0.12728937728937728
-0.1919911012235818
-0.23734756097560974
-0.028915662650602365
-0.08100686498855839
-0.11402373247033445
-0.09590562109646082
-0.1329621380846325
0.03495145631067956
-0.0014501510574018675
0.24312977099236638
0.026071428571428613
0.22941176470588234
0.19428571428571428
-0.09743309666848722
-0.166646884272997
0.1681159420289855
0.043243243243243246
-0.043631039531478705
-0.039999999999999945
-0.07637490317583262
0.07602996254681652
0.3217665615141956
0.0695754716981132
-0.10853801169590638
-0.03300970873786413
0.004827586206896473
-0.03860182370820665
0.07530597552195818
0.01318681318681327
0.022669649515287167
0.07346405228758175
0.11634819532908695
0.005822784810126611
0.31748251748251755
0.29939831528279176
0.2784636488340192
-0.0005263157894736543
0.28776371308016874
0.27564102564102566
0.3679207920792078
0.13759398496240602
0.06147859922178993
-0.04332493702770778
-0.14314980793854026
0.006493506493506494
-0.08748950461796813
-0.08005181347150253
0.2329824561403508
-0.1814778325123153
0.0944206008583691
-0.27420333839150224
-0.21609403254972875
-0.26091522880720175
-0.08694779116465866
-0.0734632683658171
0.1982425307557117
0.4182701652089408
0.043015521064301586
-0.08693154619435133
-0.08897464167585452
-0.10640834575260807
-0.08484848484848491
0.05348646431501234
0.061887477313974634
0.11564211807668898
0.018181818181818143
0.047798742138364846
0.15528781793842034
0.19962013295346634
0.33627906976744193
-0.005077574047954898
-0.06981981981981981
0.04396200814111259
-0.4224
-0.33186813186813185
-0.262269129287599
-0.11766200762388822
-0.17070217917675545
0.21173469387755103
-0.28733896046201685
-0.21499051233396588
-0.26509433962264156
-0.2002915451895044
-0.1569569569569569
-0.3125925925925926
-0.3370932754880694
-0.29273182957393484
-0.49111457521434143
-0.5473889321901793
-0.259927797833935
-0.25274016763378465
0.11789976133651546
-0.05734265734265726
-0.05734265734265726
0.18739903069466882
-0.5673577884104201
-0.5344472291840713
-0.3440705128205128
-0.17755102040816323
0.4100558659217877
-0.23256484149855905
-0.14235104669887275
-0.07823439878234395
0.056089385474860386
0.3478849407783418
0.2954954954954955
0.4998769987699878
0.49367588932806317
0.09630573248407646
0.004595404595404618
0.06621823617339305
-0.04826762246117082
-0.06948905109489055
-0.11585518102372029
0.08866995073891626
-0.04482758620689658
0.0808621815806662
0.21400437636761477
-0.05450733752620545
-0.053610771113831036
0.16181292189006746
-0.07586933614330875
0.031016042780748723
-0.0016064257028112678
0.14618705035971227
-0.08360655737704921
-0.15405405405405403
0.7418326693227091
-0.06666666666666672
-0.2031620553359684
0.010783608914450037
-0.0011283497884343504
0.1805111821086262
0.03694267515923567
0.0
0.0034346103038309416
-0.06927710843373494
-0.0058823529411764705
-0.06936496859734828
-0.09939914163090124
-0.02308233638282896
0.1689361702127659
0.029359953024075163
-0.160539629005059
-0.08204081632653058
0.10399087799315855
-0.012196812196812134
0.062182361733931275
0.25182072829131646
0.1423312883435583
0.1836734693877551
0.1051337671728128
-0.19893503727369538
-0.03632680621201888
-0.25596707818930037
-0.01847826086956525
-0.29537037037037034
-0.018338557993730478
0.042096505823627214
0.1786324786324787
0.1346534653465346
0.2125
0.017226890756302498
0.1700934579439252
-0.006601123595505682
-0.17686424474187382
-0.13677555321390933
0.04253450439146798
0.2135849056603773
-0.1420593368237347
-0.19265477439664222
-0.030459473412493547
-0.05993485342019537
-0.0949119373776908
0.20627861347285814
-0.13613963039014376
-0.04822817631806392
-0.16681614349775784
-0.2420289855072464
0.07953352769679306
-0.13184357541899439
