-0.03106267029972752
0.503103448275862
0.06595289079229129
-0.20113487560017457
-0.10691003911342895
-0.333433734939759
-0.020825147347740713
0.11021611001964642
0.2841346153846154
-0.07563352826510723
0.12534246575342473
0.4273743016759777
0.09351081530782025
0.16669650850492396
-0.32516556291390725
-0.017200854700854726
0.7018315018315019
-0.21695935775213251
-0.19307535641547868
0.5652561247216035
0.15586546349466776
0.33012048192771093
0.38494623655913984
1.6527777777777777
-0.021016949152542375
-0.19651837524177954
0.15533131516986215
0.6907883817427387
0.1101143359718558
-0.01132404181184669
0.007017543859649098
0.2681481481481481
0.2130434782608696
0.026958525345622094
1.0972972972972974
-0.17564959168522637
-0.015548780487804947
0.2260038240917783
0.2226666666666667
1.0505494505494506
0.2622123236822569
-0.07122752150117272
-0.2701030927835051
-0.29659714599341386
0.37970423253442115
0.17094594594594595
-0.009915198956294877
0.04202898550724646
0.025607638888888888
0.25122950819672135
0.2974754558204769
0.22674418604651161
0.27936507936507926
0.05800524934383208
0.013364595545134791
0.27716535433070855
0.018174024860694422
0.14633416458852871
0.18317460317460313
0.14739454094292798
0.09134659879685335
0.5545454545454547
0.321549636803874
0.3212121212121213
-0.1086217747010698
0.18390243902439019
-0.03681241184767281
-0.11607565011820337
0.03365055196041115
0.3569713758079408
-0.011052631578947338
0.03813708260105456
0.17339411520928308
0.1481217872676947
-0.22572490706319695
-0.062384550797649
0.5800760456273766
0.21286549707602334
0.0753405994550408
0.1040395713107997
0.01747572815533978
-0.06682998530132292
0.31535580524344575
0.19230769230769232
1.3250535331905782
0.6770753998476771
0.8632727272727272
0.1847076461769116
0.04717502963255634
1.085793103448276
0.7884816753926701
1.1535353535353534
-0.15535590877677952
-0.13079847908745248
0.549367088607595
0.22439393939393942
-0.09436819687647899
-0.08062992125984259
1.7237410071942445
0.1353689567430025
0.4559543230016313
0.9232323232323232
0.6449261083743841
-0.23769507803121248
0.007129094412331494
-0.035010060362172996
0.262699077954736
0.396153846153846
-0.5177215189873418
0.295253682487725
0.47257700976709244
-0.21438623924941363
0.34648888888888885
-0.13599585062240666
0.06909221902017297
0.22227211495285137
0.4746602717825739
0.9399277978339351
2.239669421487603
-0.09117647058823522
-0.23424657534246576
0.0027603513174404588
0.16245614035087724
0.2534682080924855
-0.05459227467811151
-0.43893510815307824
0.21681528662420388
-0.2894146948941469
-0.06860068259385674
0.7867132867132867
0.45554668794892256
0.10375426621160402
1.0623762376237624
0.21450381679389308
0.5215777262180974
-0.1713091922005571
-0.1858103975535168
0.3536572890025576
0.2335046248715314
0.3530769230769231
0.6443622920517561
0.23759717314487636
0.283752093802345
0.28934911242603556
0.3457665903890161
0.3418269230769232
0.22304526748971193
0.7945205479452054
0.27610619469026537
0.11135303265940906
-0.09793427230046944
-0.11674641148325361
-0.21293729372937287
0.48131241084165494
0.1838009528851243
0.15939771547248183
0.3896464646464645
0.6931116389548693
0.08658536585365846
0.19977851605758593
0.07284287011807451
0.3023569023569024
0.23643471462079757
0.23529411764705882
-0.12294065544729846
-0.2207381370826011
0.19669421487603314
1.0341753343239228
1.6612903225806452
0.05652173913043475
0.7328621908127207
2.041001564945227
0.03266832917705741
-0.1026609442060085
0.10706214689265531
-0.11297348484848481
-0.2554502369668247
0.9258581235697941
2.270886075949367
0.06242138364779881
0.8002139037433156
-0.025405707890319023
0.521122599704579
0.13728661275831083
0.39688524590163937
0.20331299040976464
-0.3084370677731674
1.128104575163399
0.13864855202002152
0.6395229982964225
-0.25983566940550984
0.5927102803738318
-0.12312138728323699
0.08748748748748758
0.03859649122807021
0.04974396488661302
-0.2720246238030096
0.449110807113543
0.2491525423728813
0.5367055771725032
0.46774193548387094
0.06585858585858582
0.5982683982683982
0.39346110484780156
-0.20000000000000004
0.42375000000000007
0.36783625730994157
0.0221748400852878
-0.16400000000000006
-0.2854700854700855
0.1839402427637722
-0.2667686424474187
0.45830815709969785
-0.0821256038647343
-0.02977473065621937
0.55
-0.06566290255123379
0.20340196956132503
1.5012875536480685
0.10451930977814301
-0.07296551724137929
0.38338762214983707
-0.04095185390149419
0.23656776263031276
0.31048543689320385
-0.37104743083003955
-0.2596062052505966
0.375
0.27648221343873514
1.0784860557768927
0.1793677204658901
0.115874079035499
0.030853994490358097
-0.7088363954505688
0.07326732673267332
0.20243309002433088
1.884563758389262
2.448387096774194
1.3420765027322406
-0.2233668341708542
1.1677018633540373
0.22519548218940055
0.29130434782608705
0.08476454293628816
0.28633440514469455
-0.023990055935363522
-0.2990950226244344
0.5314782608695653
0.8118421052631577
1.2108374384236453
0.3976099945681695
0.242543352601156
0.47261825449700207
0.8516129032258064
-0.04880952380952385
0.37393209200438127
0.8804878048780487
0.045875096376252894
-0.051863354037267044
0.5354497354497354
0.07224118316268487
0.14091680814940577
0.05162553858206039
0.15601265822784813
-0.0914405010438414
1.8711509715994021
0.2800171526586621
1.8069478908188588
-0.4026666666666666
0.05286728563626431
0.06433941997851769
0.7651785714285714
0.4612546125461255
0.2358024691358024
0.39447731755424065
-0.2457436856875585
0.0551576696953501
0.5210317460317461
0.015829145728643246
0.16674698795180715
-0.1363683935112506
-0.3537764350453172
-0.03678516228748061
-0.07142857142857142
0.2737752161383285
0.06493688639551186
0.8133333333333334
0.27931747673216123
1.1526405451448039
0.08646288209606993
0.22177954847277556
-0.017859123682750996
0.027142857142857194
0.4458804523424879
0.33128742514970055
