0.07104506232023002
0.4184834123222749
-0.06199567014367251
0.06906683219532385
-0.0017728999577880196
-0.025657472738935216
-0.11738224260108375
-0.12801013941698353
0.3303683113273107
0.028070175438596516
0.06347240915208618
0.05856679445591268
0.2527369826435246
0.11948316899013944
0.3009523809523809
0.10490093847758072
0.22077114427860697
-0.0722358722358723
0.02794883941260066
0.49236363636363634
-0.16359788359788363
0.08359062321326474
0.36008804108584
0.834593023255814
-0.18251928020565553
-0.001382852627419992
0.0977542932628798
0.10278776978417262
0.2088669950738917
0.06034093242965705
0.5045889101338432
-0.0041745730550284054
-0.3787835926449788
0.059853451600462716
0.28
-0.007605877268798578
0.09684741488020171
-0.3909528392685275
-0.011871627378585681
-0.3146711635750422
0.4587570621468927
0.025261780104711983
0.20474833808167134
0.28866418307610436
0.19438261791202976
-0.2714723926380368
-0.07775367558447817
0.17442196531791915
0.1996209249431387
0.06890574214517879
-0.18264122708567146
0.18562700029095142
-0.16998297251277067
-0.10063948840927266
0.16701030927835048
-0.2590909090909091
-0.050337916569564205
-0.32709251101321585
-0.025667792447037124
0.12090274046211714
0.2572471324296142
0.06269606728802005
0.41731684110371065
0.23034311699049187
0.11325724319578578
0.3740863787375416
0.02422494592645992
-0.11287958115183241
0.08615023474178402
0.5104347826086956
0.036080178173719404
0.025739061884115167
-0.15306645632025237
1.2408602150537635
-0.03538461538461534
0.19962721342031692
0.2981107491856677
0.23036277602523653
0.2601333333333334
0.3734914904589994
-0.0371937639198218
0.13958980733374762
0.09141104294478532
-0.12388566859884073
-0.08099929627023217
-0.07592835299257325
-0.36594516594516596
-0.11964900206469367
-0.04760095011876487
-0.05875745875745879
-0.1742445054945055
0.18769230769230769
0.028082679971489728
0.12255813953488369
-0.10439189189189187
0.03612759643916917
0.07729196050775745
0.16389548693586697
0.467680608365019
0.21315789473684205
0.0394805194805194
-0.14515778019586503
0.6985691573926867
0.3075471698113207
0.11248650593738752
0.03375796178343949
0.5499742135121197
0.16497948016415878
0.6780837004405287
-0.042563061757031076
0.24827380952380948
0.28761726078799243
0.5623893805309735
0.26490428441203273
0.029818181818181817
-0.021758839528558477
-0.0383209207853757
0.0027815163750559975
0.00027453671928626697
0.13659889094269867
-0.00018013960819639313
-0.09995258416311045
0.0602166064981949
0.019909502262443465
-0.18618068751079636
-0.19933142311365812
0.07101669195751131
-0.11669966996699667
0.8201946472019466
0.3704575163398694
-0.10574579222286712
0.25083986562150057
-0.31286173633440517
0.2114092211513416
0.2748230535894843
-0.023529411764705882
0.12515421521590123
2.158490566037736
0.7512635379061373
0.2107799304520617
-0.02144544166273032
-0.050934880722114766
0.05868766404199473
0.0018526497199483766
0.13660130718954247
0.19407821229050284
0.23579831932773102
0.2994882292732855
0.21188725490196075
0.30151843817787416
0.21327800829875526
0.3140525195173882
-0.0021983914209114793
0.004204204204204136
-0.0038787878787879338
-0.055950032873109734
0.11350087668030394
-0.1314942528735632
0.1299535880042842
0.000802809834420426
0.26467808623744826
0.13024850042844902
0.02226443768996957
0.022808378588052826
0.17118214104515478
0.1320693828156515
0.07417076824309873
-0.06145655877342427
0.7351464435146443
0.26986825329366765
-0.00956043956043961
0.48630904723779017
0.13657842300028472
-0.2590198863636364
0.02112232030264817
0.4806161745827986
0.42823025107164736
0.2953152111046847
-0.08297161936560943
-0.006581560283687892
0.40280046674445746
-0.005511539786427834
0.053718148725949016
0.31233127430793867
0.4405679513184584
-0.204510067114094
-0.12852738913919848
-0.024948944860449348
0.10151815181518149
0.24744094488188986
0.5037558685446009
-0.1738593784439057
0.06589337497211681
0.08906976744186049
0.12512000000000006
0.07668497254118817
0.453207869974337
0.08769230769230774
-0.08349834983498354
0.035744680851063894
0.04758269720101774
-0.23394018205461636
0.33848857644991215
0.15275938189845484
0.10820707070707077
0.10250677506775065
-0.05420010700909575
0.21611459265890787
0.002830188679245283
0.5595317725752509
0.13626779124934107
0.49331619537275057
0.3516556291390727
0.19591034211561142
0.07870324189526194
0.006513647642679901
0.05236559139784951
0.3104831358249771
0.1609292502639915
0.32413793103448274
0.2741835147744945
0.005553253211769619
0.09783439490445864
0.21165452653485947
0.5173281703775412
0.30651750972762637
0.14572962420693017
0.17795442501324865
0.3574226804123712
0.09967126890203808
0.0443213296398892
0.30075662042875156
0.3086439983613274
0.41499726327312525
0.015596330275229359
0.07088459285295841
0.2714499252615845
0.03937918441874622
-0.027380125086865943
-0.09462884731442363
-0.12167222364708902
0.5769894534995206
0.08617234468937876
-0.17993630573248406
0.40741427247451334
-0.09179409864311863
-0.46825396825396826
0.09019384264538201
0.1365371955233707
0.22450867052023118
-0.03952855847688115
0.18547140649149924
0.25237866410379617
-0.12296983758700696
0.11173656065296932
0.1756993006993007
0.15575539568345328
0.38108995403808277
-0.17298961138899574
0.35707808564231747
0.41992709599027933
-0.032161254199328186
0.050534100246507806
0.30721789223991863
0.19983713355048868
-0.08678102926337034
0.13685503685503678
0.1089915966386555
0.0383209207853757
-0.06751117734724296
0.11372549019607836
0.05206886137118698
0.0311284046692607
0.11809408926417368
0.2194126074498567
0.39309352517985613
0.47145643693107925
0.1665985003408316
0.11871227364185111
0.11897498474679682
0.05596707818930039
-0.21782178217821782
0.00349805663520264
0.07618461538461535
