0.26912366912366903
0.2557083906464924
-0.12773681225184347
-0.18766588602654183
-0.09435426958362741
0.046671579464505036
-0.2169330965068088
-0.22496433666191162
0.23310479921645447
0.47856560717196417
0.3051578947368422
0.3347544022242819
0.12945736434108518
0.036974789915966436
-0.07858546168958742
0.4779510022271715
0.13600000000000004
0.24711246200607911
0.12118032786885242
0.103831891223733
0.0916786226685796
0.1342210386151798
-0.17578947368421047
-0.07030878859857488
-0.015081967213114788
-0.052320675105485256
0.25952218430034135
0.08825487398953871
-0.019576557226143043
0.1076923076923077
0.4416815742397137
0.37167883211678837
0.17253948967193194
0.1124031007751938
0.03652173913043476
0.43159486016628873
0.017083333333333308
0.14339250493096656
0.22688603531300164
0.4573002754820937
0.3445366528354081
0.047773279352226763
-0.012698412698412728
0.003567318757192201
-0.014889336016096533
0.3667046750285062
0.19173553719008254
0.21089588377723975
0.07762334954829746
0.0
0.4624000000000001
0.16298755186722
0.22463414634146336
0.3885416666666667
0.1564102564102564
0.2768794326241135
0.13600654664484454
0.05319298245614032
-0.07844219564550757
-0.12881262109050653
0.2601354401805868
0.24575432811211864
0.19197930142302713
0.02894736842105267
-0.09163526752072337
-0.07027371101209426
0.014170584284754808
-0.06648519904729502
0.13820000000000005
0.22693997071742314
0.06463547334058753
0.022765363128491558
0.05427135678391953
0.09150889271371199
0.35006242197253445
-0.17699115044247787
-0.3291095890410959
-0.012916666666666642
-0.07354838709677415
0.028875110717448988
0.13057553956834536
-0.07134457075656606
-0.2378109452736318
-0.05868544600938967
-0.19089759797724398
0.1444007858546169
-0.007684964200477284
-0.47507886435331226
0.006514657980456026
2.608379888268156
0.7902668759811619
0.47823571945047005
-0.015292096219931233
0.07097844112769479
0.13417899929527832
-0.08557430593358739
0.1527993109388459
-0.13247863247863248
0.1171126933464277
0.07414155571128238
0.06514364832121836
-0.08712606837606833
-0.04854881266490759
-0.12475463467829878
0.009715639810426594
0.1056785370548604
0.019783616692426512
0.026047565118912798
0.044778927563499445
-0.09107289107289111
0.12909090909090917
0.16406712734452128
0.02476489028213159
0.2649188514357054
0.23358475585549826
0.17521739130434782
0.08000000000000007
-0.041531823085221145
-0.09955187866253022
0.4248880931065353
0.26808134394341293
0.20478701825557816
0.1783188405797101
1.4429149797570848
0.7720338983050847
0.3391709361900325
0.6973007712082262
1.2705882352941178
0.7216766467065867
0.9259796806966618
0.7239344262295081
1.233711507293355
0.48719101123595493
0.11699377692675926
0.22852173913043478
0.29570783132530126
0.013990825688073447
0.043055555555555645
0.5209007741027444
0.11681415929203542
0.1410778443113773
0.6869444444444444
0.10796460176991153
0.0928571428571428
0.12712818814176885
0.2122400475341652
0.3146082337317397
-0.0037981551817688553
0.020429074607749016
-0.04459279038718288
0.2877968877968879
0.35784946236559134
-0.059301310043668204
0.3450434782608695
0.6857894736842106
0.32536312849162013
0.49864099660249145
0.0029085531180675825
-0.07779733467437769
-0.11204033214709376
0.24500730638090598
0.0025917926565874076
0.29748237663645527
0.5560975609756098
0.6996389891696752
0.08334791484397788
0.23839541547277934
0.21889897843359807
-0.06195426195426198
0.07204419889502768
0.24495867768595048
0.17179487179487188
0.3054347826086956
0.33703703703703697
0.2897472579876013
0.4159699892818863
0.4607954545454547
0.3512221041445271
0.20887991927346114
0.18636971046770606
-0.060619872379216046
0.03476052249637162
0.05797783003023175
0.0009112605771316594
-0.054545454545454466
0.034979523006504414
0.1534329870787941
0.3073632752826153
0.14094794094794103
0.6283276450511945
0.25700744752877447
0.477326968973747
0.31239603960396045
0.43215258855585836
0.25650661099512867
0.2606299212598425
0.16501240694789082
0.4689616879511382
0.5448346055979644
0.5219957081545065
0.3096551724137932
0.09112426035502962
-0.2506122448979592
0.22085106382978714
0.13429447852760742
0.16775728732897086
0.28072072072072063
0.13235380546576553
0.12294795668878798
0.3782608695652174
-0.05557666214382637
-0.018779342723004695
-0.1982905982905983
0.031040000000000026
0.12657631113730108
0.12937032144429775
0.048556430446194225
0.1768400392541708
0.13709677419354838
0.5213759213759215
-0.1796137339055794
0.2305882352941177
0.2526158445440957
0.10715962441314549
0.681663516068053
-0.018967411204686993
0.1800232288037166
0.2053262316910786
0.16642335766423358
0.24217432052483606
0.31845238095238093
-0.09484327603640036
0.1445494643982357
0.10033057851239677
0.29157024793388425
0.0009389671361501814
0.13700245700245708
1.05359477124183
-0.11400673400673397
0.06671698113207543
0.2164109406270848
0.15523178807947025
-0.03669123669123665
0.47561643835616446
0.10683321087435715
0.20960451977401126
0.213753737428649
0.00442992011619456
0.15156726768377243
-0.04919786096256688
-0.1053699284009546
0.2829698857736241
0.1771841609050912
0.1711729622266402
0.5850129198966408
0.20149253731343283
0.21972789115646255
0.507057745187901
-0.43223647518126046
0.3568075117370892
0.15190087299352298
0.16172839506172831
0.3486007995431183
0.08297297297297294
0.6645614035087718
0.5224427480916031
0.7119815668202765
0.10644705882352933
0.31086012163336224
0.32312827849308534
0.18747553816046958
0.3862371888726207
0.32635411925352753
0.27147766323024053
0.3523972602739725
0.24384133611691014
0.12624403544648946
0.23275785745905275
0.26702875399361026
-0.10953800298062594
-0.01673960612691461
-0.008975770925110108
-0.08435689455388176
0.5351219512195121
0.6196078431372548
0.15120967741935484
-0.3858585858585859
-0.11982633863965261
0.20095693779904306
-0.02003395585738532
0.009662716499544128
0.14947456914670026
0.12307692307692308
