-0.18312807881773405
-0.10808461315560706
0.0903903095558547
-0.15182320441988947
0.05760631302060504
0.11536388140161725
0.14717416378316034
0.0958686440677966
0.03171127331711266
0.036745641484130454
0.0186293070806512
0.11880597014925376
-0.031188118811881244
0.24621409921671022
0.13050847457627118
-0.02306289881494982
0.03350253807106604
-0.3177083333333333
-0.060944825099170576
0.01084926634059586
-0.18665063138905597
-0.20285132382892063
0.7829573934837092
0.2756465517241379
0.15703380588876772
0.9103896103896103
0.27066246056782345
0.13173996175908217
0.6959501557632398
0.28526703499079187
0.043264503441494594
0.08561549100968185
0.0785021731862254
0.16433298502264027
0.2508269018743109
0.14440260184868203
0.07684036393713821
0.41348511383537656
0.7028151774785802
0.044215938303341876
0.07343078245915743
0.13079458073965575
0.11583151779230211
0.24383333333333326
0.26751054852320666
0.26601226993865024
0.17559274755927473
0.19408658922914462
0.6721153846153847
0.24989224137931043
0.13353804162401914
0.12231340367330988
0.1868562644119907
0.24520255863539445
0.246060606060606
0.07841800204568701
0.10802469135802469
0.11916167664670654
0.1904158415841585
0.387458006718925
0.22258744205646852
0.2819221967963388
0.19870711089010437
0.26805349182763744
0.22516692347200826
0.763141993957704
-0.040373831775700975
-0.01928397070789263
0.04710280373831784
-0.09870740305522914
-0.02467028704422029
0.3898120672601384
0.42466705269253047
0.0026365348399246275
0.019319727891156525
0.24230769230769234
-0.27009803921568626
-0.2704264099037139
0.45247813411078713
0.12604118993135016
0.17151785714285706
0.15296610169491534
0.13398724865129957
0.12118143459915603
0.2692079940784604
0.18284693269803454
0.23763621123218776
0.24950495049504956
0.5631067961165048
0.7311154598825832
0.14503285659064546
0.2932072829131653
0.33718061674008815
0.1644821731748727
0.1245039224734657
-0.0324137931034483
-0.147550866616428
-0.013900617083468719
-0.116198537899192
-0.18178137651821863
-0.1169467787114846
0.44585741811175333
0.37142857142857144
0.47512195121951206
0.07769028871391069
0.5927884615384615
0.17980115122972262
1.764420485175202
2.0197530864197533
1.8903436988543372
1.9958266452648477
3.4372093023255816
0.16812080536912746
0.567311072056239
0.0996858638743456
0.06762430939226524
0.2536637931034484
-0.003608502224419157
-0.03758219524532117
-0.033503007866728406
0.46892596454640256
0.5607589079130033
0.44136752136752144
-0.5312899106002554
-0.6261603375527426
-0.3485981308411215
-0.3378763866877971
1.152492668621701
-0.49200968523002425
-0.08716067498165807
-0.18754129306276549
-0.17513142857142852
-0.13510377147958047
0.18629173989455183
0.15357142857142855
0.14951923076923074
0.12171893147502907
0.45088967971530247
0.1553787878787878
0.1260720411663808
0.2976744186046512
0.18868438991138375
0.29672544080604535
-0.08103248259860792
-0.1463371054198928
0.15377855887521968
0.12709219858156032
0.23557046979865767
0.059765910753474795
0.09561781609195395
-0.43676767676767675
0.023069936421435143
0.08999581414817916
0.09386180287618376
0.051109520400859046
0.27667820069204146
-0.1780653111521873
-0.22329803328290473
0.2170289855072463
0.08013226784238087
-0.5129916567342073
0.30293290478103657
-0.18196721311475414
-0.14634146341463414
-0.26456361724500527
0.03641618497109833
-0.0057127458905954775
-0.13769209276334177
-0.1190589839754517
-0.17645161290322578
-0.062113697062190075
-0.1110180142438207
0.05286532951289395
-0.03538191395961365
-0.013392857142857142
0.019412941961307478
-0.02648696161734547
-0.005698860227954409
-0.01610897246076402
0.10302547770700644
0.0029850746268656717
0.17584541062801934
0.053536121673003874
-0.12009864364981501
0.03865546218487398
-0.02543566926214309
-0.021136767317939568
-0.004351204351204281
-0.025764596848934226
-0.03416750083416753
-0.02142237640936691
0.10945273631840796
0.052609946568023015
0.06567796610169492
