0.21769911504424774
0.04089695675387075
0.07134935304990762
0.08931185944363104
0.6446096654275092
0.4232065479056331
0.2956719817767653
1.7218390804597703
0.03761829652996849
0.10124333925399645
0.18387096774193556
-0.12067039106145248
-0.006697108066971046
-0.04081632653061224
-0.05521835677276085
0.1346718903036239
0.06176470588235288
0.18613445378151267
-0.5732558139534883
0.11359325605900944
0.2826485839648982
0.27510917030567683
0.30444874274661504
-0.10656488549618313
-0.022390891840607125
0.3166123778501629
0.04653584301161386
0.3868284228769498
-0.08720335039553284
0.06957637997432611
0.24792951541850228
0.15674102812803095
0.24945904173106637
-0.06521239954075769
0.1337484433374844
-0.19277777777777771
-0.07791619479048692
0.06426966292134828
0.07160839160839168
0.001808176100628895
0.10231164383561644
-0.12425531914893612
0.39067357512953355
0.20139372822299656
-0.06407322654462243
-0.14744525547445256
0.32742066720911317
-0.006726457399103139
1.4180722891566264
0.5193675889328062
0.3996226415094339
0.06125592417061617
0.2610687022900762
0.024767123287671257
0.21888745148771027
0.1102902374670185
0.5155737704918033
-0.3854334514985498
0.21889483065953647
0.10240153698366947
0.07103825136612021
0.050271739130434784
-0.20937499999999995
0.12686567164179105
0.18870673952641162
0.05088841506751948
-0.011450381679389313
0.07244094488188982
-0.03524904214559392
1.2474074074074073
0.12328124999999997
-0.037391663227404004
0.5221781055019852
0.17677984665936483
1.0556390977443608
0.3427954668105773
0.10058479532163747
0.011587301587301516
-0.045756457564575644
0.2022779043280183
-0.04365482233502535
0.10642076502732237
0.3334637964774951
0.28469945355191256
0.1855644663787785
0.013857677902621681
-0.12349234923492354
-0.04486373165618444
0.07664835164835158
-0.16510745891276868
-0.2627218934911243
0.14275171323141814
0.08802931596091197
0.2693434104865375
0.4780432309442549
0.11731517509727618
0.25181058495821723
0.23530805687203782
0.0053770491803278985
0.11147413457798519
0.15926694329183952
0.0505567010309278
0.004558823529411798
0.17806451612903215
0.10102810143934207
-0.0496460594620104
0.1550724637681159
-0.15358649789029538
0.10132075471698122
0.07379679144385029
0.10712643678160924
-0.06518518518518512
-0.1733853006681515
0.26024785510009535
-0.0990384615384615
0.1978021978021978
0.8666666666666667
-0.1428855721393035
0.20448765893792079
0.04292719728404382
0.14426377597109308
-0.12151898734177222
0.5187183811129848
-0.13529411764705876
0.33278985507246384
0.12432432432432428
-0.011340206185566951
0.1689795918367346
0.008316008316008316
0.009312638580931265
-0.009880952380952327
0.1149405024239754
0.18030612244897964
-0.03968451639684513
-0.09877433309300648
0.22349360925136946
-0.09849072876239763
-0.16916666666666663
-0.07905366416618581
0.08159614723082209
-0.07806267806267811
0.08515309069901796
0.3087687414811449
0.41643454038997213
0.24893410852713188
0.4748687171792948
0.839344262295082
0.5194089993284083
0.20168483647175423
-0.10372492836676214
0.20273660205245148
0.40261356565028
0.2658261446582614
0.30397686189443246
0.10313513513513511
0.06565217391304341
-0.18327272727272728
-0.17035398230088494
-0.02342774843975034
-0.0045045045045045045
0.6040816326530613
0.12692307692307686
0.14817813765182186
0.08842620943049607
0.3418943533697633
-0.010452961672473868
-0.011884865366759475
-0.022580645161290363
0.29276410998552815
0.15937266616878273
-0.02772764561115665
0.03280575539568339
0.3433395872420263
-0.08997289972899734
0.5397849462365591
0.02561616161616165
-0.015586307356154473
0.5536193029490617
0.6869778869778871
0.6770240700218818
-0.18192771084337342
0.3486127864897467
0.0027739251040221915
0.3196473551637279
0.3362464183381089
0.08628481345244342
0.3519999999999999
0.2415028901734105
-0.17781021897810212
0.09578163771712155
0.4484698097601324
0.2969750889679715
0.08024883359253503
-0.16401826484018267
0.10953621677957259
-0.08452830188679246
0.17153284671532848
-0.07804878048780495
0.13971830985915498
0.12863849765258212
-0.22588726513569934
0.3272916666666667
0.19221927497789576
0.3425999999999999
0.27587006960556837
0.12730696798493407
0.019230769230769232
0.03490669593852904
0.024905660377358578
0.27569721115537843
0.07453294001966564
0.7323076923076923
0.41350844277673543
0.008703145196036113
0.07228623408126139
0.32549019607843127
0.07114967462039049
-0.11302564102564107
-0.22927536231884066
-0.18886310904872394
0.07121951219512192
0.12572980312287851
0.17064846416382254
0.11105331599479841
0.06892792247122953
0.08394113883557265
0.09685341519570226
0.024657534246575376
0.11546391752577327
0.082956355527238
0.5709156193895871
0.5896389324960754
0.3808641975308642
0.2006211180124223
-0.022103386809269123
0.03613840239214007
0.16205714285714282
0.10082644628099166
0.6483333333333333
-0.12204472843450476
0.1001778304682869
0.016753926701570644
0.07864693446088789
0.16630727762803227
0.20760456273764266
-0.022119815668202817
-0.08266085059978193
-0.13783439490445865
-0.04814522494080505
-0.002847754654983637
-0.04144144144144144
0.12444444444444444
0.43140740740740746
-0.03260340632603401
0.4230055658627087
0.19350649350649343
0.021354484441732765
-0.04175665946724262
0.7734693877551022
0.3956284153005465
0.4124488124488124
0.5411974977658623
0.4653932584269663
0.4498220640569394
-0.11809065383072608
0.1982608695652175
-0.13051823416506717
0.018561484918793503
-0.038502673796791384
0.8361702127659574
0.28686868686868694
0.10364963503649641
0.18542678695350454
0.1246981339187706
0.23437110834371114
0.07142857142857142
0.10457614403600907
0.5972972972972973
0.1373762376237624
0.06889460154241649
0.0286773794808406
0.5176201372997713
