0.24247787610619473
0.19403479701739854
0.33707865168539325
0.14500442086648982
0.24390243902439024
0.155209347614411
0.16625971143174245
-0.151150202976996
0.04527131782945743
0.10438596491228067
0.168058968058968
0.09612403100775198
0.0773393461104848
-0.009177820267686338
0.032164948453608296
0.6495412844036699
0.030418943533697715
-0.2579268292682927
-0.39090909090909093
-0.3005464480874317
-0.15103050288540812
-0.19139139139139144
0.2191142191142191
0.38058823529411756
0.24860759493670884
0.21309523809523806
-0.32621359223300966
0.0936350777934937
0.19337016574585636
0.2304568527918782
0.10201005025125634
-0.15055276381909544
0.20324214792299888
0.15636896046852117
0.18165304268846502
0.09135802469135802
0.11098901098901093
0.11801980198019807
0.21019607843137264
0.15
0.08826151560178302
0.21213720316622686
0.07801539777587686
-0.07534246575342465
0.1329545454545455
0.0883610451306413
0.0620689655172413
-0.018875502008032084
0.08312499999999995
-0.0035171862509992733
-0.2521246458923513
-0.3277070063694268
-0.16163934426229512
0.48637951105937133
0.5078758949880667
0.037589928057553915
0.029346485819975284
0.11179941002949846
0.04250000000000003
0.06417546709991877
0.057241379310344905
0.12807017543859645
-0.1957716701902749
0.0017786561264821685
-0.014325581395348922
-0.20000000000000004
-0.02019704433497534
0.056707317073170685
0.42848297213622283
0.44418262150220916
-0.03294117647058827
0.062100456621004566
0.1826576576576577
0.07731092436974787
0.08087535680304472
0.19653179190751446
0.20614334470989754
-0.0020779220779221074
-0.1781155015197569
0.05391903531438407
0.07279214986619081
0.01829733163913593
-0.013123359580052493
0.026915520628683784
0.1272264631043257
0.30059880239520953
0.06313932980599639
0.03056768558951965
0.11652719665271977
0.17625979843225095
-0.029344729344729377
0.1298507462686567
0.10588235294117657
0.1669064748201438
0.9092436974789915
0.6429065743944637
0.5450980392156863
0.01034482758620692
0.04248803827751205
0.0853427895981088
0.0990990990990991
-0.16666666666666666
0.27239488117001825
-0.3565629942013706
0.35143184421534934
0.3977272727272727
-0.18169491525423728
-0.09107551487414191
-0.04921763869132294
-0.13474509803921564
-0.19288738357324298
-0.11590493601462519
-0.2153846153846153
-0.10000000000000002
0.11877607788595268
-0.10729813664596277
-0.0058997050147492625
0.11724137931034488
0.10729166666666659
-0.007517084282460162
-0.19039548022598862
0.00932134096484063
-0.07257769652650821
-0.11524822695035461
0.41617647058823526
0.8606896551724139
0.7432098765432097
0.5575971731448763
0.4724082934609251
0.28630136986301363
0.4148710166919575
0.08973747016706449
0.030845771144278552
-0.07642276422764233
0.032043204320431964
0.14421437271619972
-0.13371104815864018
0.06488095238095241
0.0144
0.12219020172910657
-0.055026455026455055
0.21467889908256885
0.1955555555555556
0.05909090909090918
0.029749103942652372
-0.08691308691308691
-0.3331670822942644
0.04433333333333337
-0.48278388278388285
0.07018633540372667
0.09388145315487575
0.009674418604651248
0.026843413421706788
0.12461928934010158
0.22537878787878787
0.4844444444444445
0.4925373134328358
0.40380952380952384
0.20360360360360355
0.1211519364448858
0.030062111801242294
0.0434389140271493
-0.2833912439193884
-0.05357643758765785
-0.06617100371747216
0.5543478260869565
0.12625368731563424
0.24771241830065363
0.16716417910447756
0.3131221719457013
0.28080808080808073
-0.21035353535353538
0.16342494714587727
0.025545851528384254
0.12766393442622942
0.04950495049504951
-0.14040047114252066
0.014587332053742847
0.057652303120356546
0.08444444444444445
-0.053465346534653464
-0.011948051948052008
-0.32522255192878335
-0.132486388384755
-0.06948356807511742
0.014253897550111309
-0.06453407510431151
-0.00530035335689046
-0.07949886104783593
-0.08452579034941757
-0.10251827782290825
-0.1851040525739321
0.0005602240896357694
0.2893921334922526
0.3467275494672754
-0.14035087719298245
0.47596899224806205
0.0772277227722772
0.24141592920353977
0.16048632218844988
0.1066666666666667
-0.08304668304668307
0.040222428174235485
-0.18193548387096775
-0.07722095671981771
0.01955555555555558
-0.12989949748743715
-0.04268629254829815
-0.06607369758576874
0.047619047619047616
0.0976545842217483
-0.019300699300699237
