0.012928049249711393
0.2093927125506072
0.1517721902453802
0.03855297157622734
0.1353748680042239
0.05142857142857147
0.043234738829452515
0.057131630648330094
0.06201709401709405
0.04573875802997866
0.014118705035971265
0.11146282973621108
0.057543859649122835
0.08263642806520193
0.10864792503346725
0.09566192969334338
0.09073909171861094
0.07568281938325999
0.06383374689826309
0.11592164741336021
-0.11428571428571421
-0.0637362637362637
-0.06707818930041157
-0.01908302354399006
-0.09557796741660206
0.062348790322580554
-0.20389429763560502
0.0027434842249657062
0.09003476245654699
0.035111876075731456
0.39215686274509803
0.0014784946236559445
0.024886877828054297
0.008869179600886918
0.013203883495145542
-0.03226666666666673
0.08898776418242492
0.043975493533015594
1.2358695652173912
0.030330882352941176
-0.03478260869565214
0.0736062378167642
0.1601642710472279
0.2154553049289892
0.5482014388489209
0.06879092099519857
0.040241691842900246
0.1087080250426864
0.0699038947900859
0.13465909090909087
0.11299316149395065
0.07549407114624508
0.05210183540556542
0.13704705246078966
0.09241603466955575
0.036768263183357526
0.2234733650931139
0.16664709336465058
0.11200615700359168
0.1736135434909516
0.21111501934576146
0.20274368231046927
0.06936671575846837
0.18501598903608954
0.1535046728971962
0.21956617972554227
0.2034030140982013
0.03941453214845797
0.04351672656897984
-0.3779661016949153
0.1658672615727831
0.09515587529976023
0.23567508232711312
0.15564892623716156
0.13971880492091387
0.0837460317460318
0.19216738197424882
0.15877117427505025
0.5024938875305623
-0.006932773109243721
0.004799999999999972
-0.045412130637636154
-0.0340101522842639
0.08796068796068798
0.023213429256594767
0.2834586466165413
-0.062339331619537273
-0.08643216080402014
-0.019011406844106463
0.30145631067961176
0.18671875000000004
0.2440734557595994
0.12980561555075598
0.2478920741989882
0.22617354196301565
0.15914489311163896
0.07459396751740134
0.18144989339019194
0.20632339656729895
0.20455778621812262
0.2856350806451612
0.08408577878103837
0.2892307692307693
0.39618528610354214
0.34385964912280714
0.3262458471760797
0.30663430420711973
0.060664819944598276
0.03451100870455714
0.07573479152426518
0.031929480901077285
0.08716404077849857
0.024727668845315954
0.21682242990654213
0.045726495726495675
0.08002783576896312
0.006319702602230441
0.07454938716654656
0.01525347689546882
0.0901530612244897
0.03858490566037744
-0.0063850687622789785
0.20054595086442228
0.13578296703296708
0.07130434782608698
0.059025787965616076
0.07823899371069189
0.2738271604938271
0.1441391941391942
0.1445762711864406
1.2227272727272727
0.06931623931623924
0.17372758119243825
0.1357760395224373
0.13537641572285147
0.13323572474377746
0.22164549972390948
0.21314121037463987
0.23910681955340968
0.5803278688524589
0.26495507060333756
0.17841315225160823
0.10325842696629212
0.08805309734513281
1.6682215743440234
-0.17700000000000002
0.14721627408993576
0.16007936507936513
0.29117782909930723
0.2530376084860174
0.16939890710382513
0.16863420939250326
0.06045883940620777
-0.1313653136531365
0.043435754189944165
0.028350515463917526
0.3145985401459854
0.5449541284403671
-0.006188712137720557
-0.01967213114754093
-0.027688172043010783
-0.020185922974767657
0.046715328467153254
-0.03362831858407077
0.18727172108467077
0.16875495638382232
0.12643284858853718
0.09652996845425875
0.13182481751824812
0.2359949302915083
0.19863713798977858
0.12751773049645387
0.19115044247787605
0.02578397212543546
0.09633401221995917
0.13282097649186264
0.02183742183742188
0.07361722956436617
-0.0021879021879022465
0.06871968962172639
0.0915401301518438
0.3388245770258237
0.002278702892199745
0.12961418143899892
0.03750633552965028
0.07383720930232551
0.10067720090293458
0.10801886792452833
-0.03825757575757573
0.06956977964323185
0.07815126050420178
-0.09204498125780924
-0.1120162932790224
-0.0767064846416383
-0.0785921140565828
0.11041559774243193
0.04233009708737855
0.12080536912751678
0.08033674082982556
0.17569922054103615
0.05969289827255283
0.14475025484199797
0.04290050590219218
0.04050909090909094
0.11732332707942458
0.018064876957494383
0.0390055248618784
0.07085360459973455
-0.03052445492044782
0.05999999999999994
0.05290443472829484
0.08858764186633039
0.04394661582459477
0.0717986136446553
0.020955483170466836
0.017040358744394617
0.09754855141674629
0.022234636871508354
0.05715976331360941
0.16097038886906878
0.14555169650013364
0.20390156062424972
0.013388381008552077
0.06619078520441272
-0.03720248993042838
0.03189580318379155
-0.04250172771250864
0.011560693641618497
0.031064162754303636
0.03696639418710267
0.007062876830318665
-0.013062409288824383
-0.06731428571428569
0.03486299108616702
-0.04118263786957426
-0.02977083755830464
0.7587719298245614
-0.03906186817630405
0.06374622356495468
0.21291184327693669
0.18959174517720948
0.10661592505854796
0.15151089248067456
0.22346666666666667
0.08712930011862402
0.16914940502423984
0.1234327857861213
0.15860832137733136
0.10117238384715588
0.14570342205323186
0.10640668523676886
-0.13571428571428573
-0.06793857608189856
0.16500193573364297
0.0983851530489274
0.04138702460850112
-0.03689506468615237
0.08290213723284595
0.032716763005780296
0.11731356301788051
0.11916198262646899
0.0896637608966376
0.11592754528419733
0.13841256366723256
0.146441547339175
0.10628853267570901
0.09803643245800796
0.15658993169744498
0.14061416542842997
-0.06246786632390748
-0.07405405405405409
-0.017126269956458568
-0.010402219140083218
0.016700336700336618
0.1253167701863353
