0.07128027681660895
0.0030927835051547115
0.14764944863609988
0.06495119787045257
0.3474332648870638
0.03031390134529144
0.14291938997821346
0.6006349206349206
0.2640864086408642
-0.08250825082508251
-0.056920684292379446
0.5595081967213114
0.1901924270639355
0.22390029325513203
0.34650154798761607
0.4487719298245613
0.4039074550128534
0.009090909090909012
0.03464203233256351
0.1490747594374538
0.3553516819571865
0.06288032454361055
1.0497237569060773
0.1857592942659105
-0.1378737541528239
-0.1234750462107209
0.3862857142857143
0.5107932379713913
0.09113100081366965
0.18006430868167203
0.1060857538035962
0.4018416206261511
0.012500000000000051
0.10118251928020575
0.15502686108979277
0.17096040054619932
-0.021633085896076328
0.3884244372990354
0.5832061068702291
-0.04172413793103456
-0.22712264150943395
-0.36159822419533844
-0.3085248332097851
0.3181818181818182
0.20811907983761835
0.3851528384279476
0.6185897435897436
-0.32410256410256416
0.03688155922038984
0.2171490988530857
-0.07633015006821288
-0.04207424867413087
-0.030997876857749518
0.19353711790393005
0.0973478939157566
-0.08533627342888638
0.08066239316239317
0.027720207253885982
-0.04312757201646098
-0.02369838420107728
-0.02251256281407033
0.11166666666666664
-0.3795555555555556
0.04027474242897284
0.09587873045949791
0.16844660194174751
0.0027565084226645552
0.13315098468271339
-0.2287795992714026
-0.35473399458972044
0.0751079136690647
0.17207748830995317
0.1880645161290323
0.07648839556004032
0.10697961704756025
0.08558823529411771
-0.0249522597071929
-0.2526636225266362
0.025834542815674825
0.17551896921975665
0.09240568348848599
-0.0012383900928791866
0.10326859308384652
0.0011275546159266448
0.16153846153846146
0.07090909090909084
0.21401547721410155
0.06155009451795848
0.1275379229871645
0.3017502917152858
0.4335745296671491
-0.09420074349442382
-0.005249873801110596
-0.05735567970204844
0.2074754901960784
0.2120256859311149
0.11994497936726278
-0.023934426229508234
-0.050239442751414926
-0.0850675138999205
-0.0705479452054794
0.2806979280261724
-0.09039002814636116
0.07500901550667148
0.043328550932568106
-0.16411633109619686
0.032284541723666245
0.14884341637010673
0.1511056511056511
0.020125786163521942
0.21248959200666115
0.1562649640861931
0.38999999999999996
0.25444743935309966
0.40747126436781617
0.11641791044776122
0.09386503067484658
0.05139557266602511
0.0637122671804753
-0.07100671140939595
-0.015302782324058958
-0.22579403272377288
-0.21154446177847117
0.05359082679541337
0.01993127147766327
0.5333333333333332
0.14127806563039716
0.19940677966101691
0.008627450980392186
0.011182795698924665
0.17651933701657463
0.14288518155053967
0.09287833827893184
0.13704994192799072
0.2769807782466011
2.143103448275862
0.15460937500000008
0.10711422845691392
-0.0899354838709678
0.033015873015873096
0.05134529147982057
0.0724919093851132
0.061325966850828646
0.028460543337645538
0.031130434782608657
-0.04235637779941578
0.38095238095238093
0.13862249346120314
0.07748830995323981
0.326304347826087
0.13142542652724282
0.15425246195165618
0.31070110701107007
0.30034482758620695
0.3437557816836262
0.07745504840940526
-0.13576642335766426
0.024842767295597413
-0.003977272727272663
0.10721510451786918
0.0005298013245032811
0.017633410672853827
-0.12857142857142853
0.07616438356164391
0.13797780517879157
-0.15381944444444448
0.2412832418742085
0.27692307692307694
0.3676855895196506
0.287378640776699
-0.0688461538461539
-0.028871892925430253
-0.0948764315852924
0.23140495867768596
0.08428745432399519
-0.09409326424870462
-0.00520260130065037
-0.10054525627044716
0.6729064039408869
-0.09707112970711293
-0.1822364901016586
0.03179983857949967
0.10471622701838529
0.9266666666666666
0.158896551724138
0.03827751196172249
-0.11724137931034478
-0.032140137090632175
-0.05568987077949142
-0.02004773269689732
0.07196261682242991
0.06352683461117196
0.08774878372401597
0.244620253164557
0.2935196950444727
0.5663201663201662
-0.010567010309278408
-0.12996742671009776
1.1673076923076924
0.17984189723320157
0.2333333333333333
0.11924262439453993
0.1981981981981982
0.07713414634146346
0.020155038759689922
-0.009230769230769289
0.0778652668416448
0.24759776536312839
-0.005339805825242718
0.04510638297872334
0.05743977326405286
0.09985257985257977
0.09128508124076802
0.12901023890784982
-0.004976076555023967
0.06164705882352934
0.18037135278514588
-0.14354971240755962
-0.141839762611276
-0.08598865124399825
-0.25923303834808265
0.7099476439790575
-0.12255027813436033
0.003329369797859637
-0.02307692307692303
-0.13252279635258365
-0.022268326417704043
0.2778761061946902
0.2810439560439561
0.06706642066420668
-0.008309455587392593
-0.030599586492074494
0.27802469135802477
0.03593420497680296
-0.09915254237288129
-0.045575221238938105
0.044927536231883974
0.057901726427622875
0.006236080178173787
0.04167694204685568
0.031034482758620658
0.8050775740479548
-0.164776357827476
-0.14316567206592787
-0.4399441340782123
0.431438127090301
0.08121212121212125
-0.023764705882352907
0.019102749638205564
0.2893523600439077
0.15489199491740785
0.2513781697905182
-0.2677752293577982
-0.5064145847400405
-0.01377343113284441
0.021169230769230826
-0.050518134715025906
-0.264968152866242
-0.10106132075471704
-0.15756951596292482
-0.06424332344213643
0.21840843720038347
0.16135957066189632
-0.15960000000000005
0.17873303167420815
0.09089841456253667
0.2846774193548388
0.36643356643356645
-0.014679715302491103
0.1670329670329671
0.06218867924528309
0.28439306358381494
-0.2121537825547747
0.23099567099567095
0.16092513694461358
0.38057803468208096
0.012452471482889648
-0.09591078066914493
0.21662817551963037
0.04543378995433785
-0.041011743450767926
-0.09908088235294113
0.7094017094017094
0.5365242165242164
0.4990502035278155
0.13457408732999285
