0.6153005464480875
-0.11728691476590641
0.08954017180394129
0.0042333019755409216
-0.1756073376301438
-0.10944700460829493
0.039003436426116915
-0.08276785714285718
-0.09630818619582665
-0.29719222462203027
-0.2623008849557522
-0.40714285714285714
-0.15148247978436655
0.09361296472831272
-0.09607535321821044
0.13487949067758068
0.12687813021702837
0.01854219948849105
-0.05104408352668213
0.15390199637023586
0.10909090909090909
1.1525925925925928
0.13086926762491446
-0.008613938919342208
0.7247933884297519
0.15972540045766592
-0.09391304347826085
0.041341795104261024
0.17343635025754234
0.1540436456996149
0.16685584562996594
0.1995951417004049
0.04727891156462577
0.5192019950124689
0.015866084425036356
0.06831275720164603
0.15171974522292997
0.054878048780487805
-0.10729902455432223
-0.07446083995459707
0.32452830188679255
-0.36925795053003535
-0.17914951989026065
-0.10607734806629827
0.1748411689961881
0.17915492957746484
0.17703349282296652
0.5583892617449664
0.09825503355704704
-0.095397489539749
0.049277038750722986
-0.3361185983827493
-0.18198791872597478
0.0649797570850203
0.3501706484641639
0.012147984538928768
0.1842565597667638
0.05921173235563695
-0.12531328320802004
-0.11115459882583173
0.2036923076923076
0.03049250535331898
-0.1744903902154921
-0.23419761737911707
-0.09590305828043857
0.12569778633301243
0.42245430809399465
0.36838905775075986
0.14435483870967747
0.027207637231503642
0.20901639344262296
0.4124740124740125
0.5463917525773195
0.19926918392204632
0.05021178282633812
0.257516339869281
0.3414519906323184
0.07800161160354549
0.07234256926952136
0.035163021048287176
0.11038831729173579
-0.04332399626517282
0.010602593440122113
0.9895424836601305
0.039974937343358365
-0.051643192488262914
-0.09236184442097856
0.1270132517838939
0.3539797395079595
0.18275382475660637
0.15598208573256556
0.24180154820548902
0.6987603305785125
0.748235294117647
0.9904153354632588
0.9086021505376344
1.1401574803149608
0.18663793103448276
0.28374032162001195
0.6438811188811188
0.5789613848202396
0.2291350531107739
0.2378181818181819
0.2170906718851924
-0.18825526137135096
0.43159922928709055
1.0879432624113476
0.6336713995943204
-0.038689547581903204
-0.0421114369501466
0.15580286168521462
0.2457943925233644
0.27854077253218873
0.18370720188902015
0.27841059602649015
0.1721574344023324
0.012531839021905201
0.31412380122057537
-0.10348525469168907
-0.09047292666209733
0.001195616074393859
-0.043502824858757
-0.12148541114058359
-0.06157407407407407
0.1011972930765227
0.013510392609699821
0.13852978453738904
0.14513715710723185
-0.3086590038314176
0.567359050445104
0.21783919597989948
0.7910679611650485
0.3166666666666666
0.793150684931507
0.22312470138557094
0.30797546012269933
-0.010195091252360004
0.15042553191489372
0.18194130925507906
0.27262914417887424
-0.25098039215686274
0.01969111969111978
0.40047961630695444
0.4593569661995054
0.8619402985074627
0.14360027378507867
0.349953314659197
0.2869502523431867
0.3145038167938931
-0.12949354518371398
-0.14796650717703355
-0.11981687377370834
-0.28471337579617834
-0.095215869311552
0.296947496947497
-0.30060790273556237
-0.2
-0.21808785529715763
-0.29154013015184377
-0.07711723679840579
0.03413284132841329
0.49170896785109985
-0.2851148851148851
-0.0880877742946708
-0.12184531886024418
0.06161616161616156
0.22643171806167392
0.38371040723981903
0.20196078431372544
0.00749375520399667
0.09521299956082573
0.044802527646129596
0.018565662837628123
0.0860637270679112
-0.1357791754018169
0.13271966527196646
0.28643578643578643
0.47784156142365103
0.17312500000000006
0.059192825112107654
0.10618101545253868
-0.3971084337349398
-0.13274336283185842
0.05623678646934466
0.22556131260794476
0.2050193050193051
0.16587735276259868
-0.015303738317757037
0.14513422818791946
0.021722198182604853
0.12334997226844154
0.011823361823361758
0.25347288296860143
0.050894308943089356
0.10838986076401282
0.008290510448783768
-0.11333333333333337
0.052771084337349346
0.0037409075164531284
-0.00291970802919708
1.2298701298701298
0.6647133757961783
0.011891208096141654
0.6140703517587939
-0.1509850275807722
-0.18902538902538898
-0.2031830238726791
-0.09610705596107055
0.04284717376133991
-0.021342646488164533
0.34734774066797636
-0.04559952746603665
0.023927613941018798
0.1561815336463223
-0.019146722164412048
0.3363431151241535
0.06638297872340419
0.416326530612245
-0.02799650043744532
-0.0819357930043124
0.07377969762419015
0.04711680630852632
0.004674883127921802
0.07792541791684535
0.02610141313383216
-0.0023828435266084196
-0.10742741390952053
0.28852459016393434
0.005766710353866287
-0.013345438039037717
0.000384172109104879
-0.05753424657534244
-0.2266487213997308
-0.06520963425512927
-0.04723926380368103
-0.022531798909751693
0.03877210543877205
-0.07067961165048539
0.0596651445966514
-0.04246239944036379
0.9831775700934579
-0.06345549738219898
-0.034741225461035155
0.03240997229916894
-0.08025559105431304
-0.12058492688413953
0.12749706227967098
0.1887702649268486
0.32124352331606215
-0.0953488372093023
0.21218424962852891
0.5184931506849314
0.538953488372093
0.04744958481613286
0.052143913257762534
-0.03949504057709644
0.09627329192546584
0.11267707954958221
0.062283492400141326
0.14376321353065538
-0.023076923076923002
0.07065368567454793
0.2722166499498496
0.10159027128157147
0.06763079540621013
0.007999999999999964
0.16705882352941176
0.31611374407582943
0.5070780399274046
0.4196503918022904
0.8411924119241192
0.3470019342359767
0.0632209737827716
0.5104166666666666
-0.02338204592901879
0.17105263157894737
0.04767397154940407
0.09396170839469813
0.16233635448136963
0.12989289191820846
0.04727793696275072
-0.22328966521106255
0.4082857142857142
0.18102189781021907
0.9288888888888889
0.42866666666666675
0.05083798882681561
