0.17829099307159352
0.38108108108108113
0.3939972714870395
0.2402802101576183
0.29477434679334924
-0.01705069124423958
0.18702290076335878
0.24765868886576484
0.03339382940108889
0.3226190476190475
1.4288659793814433
0.48072487644151557
0.7674293405114402
0.26992882562277587
-0.009492089925062524
0.13040152963671137
-0.16094674556213012
-0.18149466192170818
-0.28057040998217464
-0.07913669064748201
-0.13558951965065508
-0.16071428571428573
-0.16538461538461538
-0.0011834319526626547
0.08571428571428569
0.19337748344370853
0.1358326068003487
-0.06938775510204079
-0.11324863883847545
-0.03532338308457709
0.12603613177470765
0.2935153583617747
-0.08053527980535286
-0.07969212551805797
-0.12330345710627395
-0.2
-0.1524617996604415
-0.2305882352941177
-0.0038863976083707364
0.047499999999999966
-0.19799999999999995
0.21941228851291192
0.3386454183266932
-0.01653846153846158
0.16157635467980302
-0.025974025974025976
0.11648715824357905
0.0220689655172413
0.04105571847507331
0.2966789667896678
0.19118644067796603
0.015836734693877624
0.8105726872246696
-0.18471337579617833
0.39065420560747677
0.3664864864864866
0.06937269372693732
0.32053742802303264
0.26263982102908273
0.007228915662650534
-0.04327002477291502
-0.09447852760736192
0.018736383442265844
-0.05123966942148756
-0.057417802726543635
-0.5813333333333334
0.20275049115913565
0.08744588744588745
-0.23136246786632392
0.002583979328165375
0.1394517282479142
0.23737704918032793
0.3829787234042553
0.9809523809523808
-0.20217983651226154
-0.15547576301615804
-0.18293838862559234
-0.148695652173913
1.3128301886792453
-0.21058201058201065
-0.23809985458070773
-0.3282905982905983
-0.22609551944854753
0.7733821733821735
0.26070588235294123
0.21102248005801305
0.17112068965517244
0.21343511450381672
0.2992199687987519
0.2066617320503331
0.4175925925925925
-0.4801393728222997
0.20797720797720798
-0.7288702928870292
0.19478584729981382
0.2200392927308448
0.2677477477477478
0.2900343642611683
0.20544217687074834
-0.1881918819188192
-0.35564516129032253
0.09185185185185182
-0.051123595505617944
0.02511210762331836
0.1584905660377358
-0.022792022792022793
0.44985618408437206
0.23226812159002339
-0.011371237458193904
-0.1632839224629419
0.12880733944954137
0.3751633986928105
1.3767857142857143
0.14004474272930653
-0.02891748675246029
0.10679156908665102
0.03393501805054152
0.00990247561890476
-0.05782688766114176
-0.034515366430260104
-0.08524590163934431
0.16797583081571005
1.0283505154639174
1.399390243902439
1.2869565217391303
0.06674107142857137
-0.01161524500907437
-0.06086956521739131
0.176219512195122
0.007674943566591371
-0.11408602150537638
-0.11924882629107984
0.09547844374342793
-0.05174927113702624
0.10935672514619887
0.04208273894436519
0.004123711340206186
-0.45320197044334976
-0.13050193050193054
1.6045766590389017
1.324187725631769
0.06257668711656435
-0.06642599277978345
0.11171171171171176
0.1381849315068494
0.03750000000000004
0.03786764705882357
0.029110105580693747
-0.27530612244897956
-0.28993993993994
-0.24362850971922248
0.4625125628140704
0.22934426229508192
0.3008505467800728
0.23410301953818818
0.08571428571428566
0.8069565217391306
0.42966507177033497
0.05866666666666674
-0.07374810318664647
-0.006603081438004402
-0.15079452054794523
-0.12476190476190471
0.05119735755573906
-0.09509594882729208
-0.13369079535299377
-0.07728181212524983
0.3942307692307692
0.028178694158075564
0.3380191693290735
-0.0435244161358811
-0.07293844367015094
0.26512702078521927
0.08280961182994447
-0.0755828220858896
0.05034642032332566
0.07351190476190472
1.7586956521739132
0.0665012406947891
0.2022241231822071
-0.03981042654028436
-0.038618246235606654
-0.08727984344422705
-0.27486631016042784
-0.05460472697636512
-0.010238907849829351
0.023628691983122337
-0.007087172218284904
0.06842105263157885
0.25828402366863906
-0.02466960352422905
0.041624365482233444
-0.11049180327868849
-0.3627760252365931
0.004434589800443459
0.050401753104455806
-0.05205970149253734
-0.014439324116743436
0.20940438871473357
-0.01656662665066021
-0.08
0.22578397212543558
-0.02274412855377006
-0.023082881487219174
-0.0684831970935514
-0.17269155206286832
-0.024304538799414382
0.18020713463751428
-0.03274853801169593
-0.5143638850889193
-0.26758620689655177
-0.346116504854369
0.04588528678304234
0.24478216818642343
0.27252368647717495
-0.003362391033623967
-0.07561260210035001
-0.10988764044943815
0.3720136518771331
0.28725099601593634
-0.09684813753581666
