-0.1761129983908457
-0.01527041357370093
-0.044399999999999974
-0.16639344262295083
-0.18020870816840598
-0.16736196319018407
-0.09567949725058912
-0.4083333333333333
-0.015060240963855422
0.18715596330275236
0.045886442641946766
0.1252973830293418
0.10224252491694344
0.12413342053629821
-0.06441947565543076
-0.07710843373493982
-0.012875536480686695
0.08522779567418308
-0.04246124941286993
-0.16273546273546277
-0.04925991711071643
0.016591928251121026
0.020285573609059488
-0.00942688805570429
-0.1127141568981064
-0.20793950850661624
-0.5010025062656642
-0.5112299465240642
0.3441478439425052
0.31689825190497534
0.3038885664538595
0.34965464313123557
0.5123167155425221
0.17192982456140354
0.44544253632760894
0.5181773640372366
-0.09372781065088763
-0.1112554112554112
0.3304257528556594
0.26747491638795995
0.5105180533751962
-0.008453837597330392
0.32892655367231627
0.23839650940823556
-0.6204415372035976
-0.8197674418604651
-0.6488648648648649
0.012674743709226525
-0.07587653581060827
-0.12218122181221812
-0.03309476095047235
-0.18934725848563963
-0.19671024884015187
-0.052768729641693775
-0.12278368794326242
-0.13902327704244632
-0.12702702702702698
-0.03797909407665497
-0.2859386686611817
-0.22396027312228425
-0.19757853403141368
0.06626506024096386
-0.1882820258192652
-0.30135379061371836
-0.21170761298149834
-0.08291712707182317
0.012493702770780834
0.030138390568938984
-0.21076769690927216
-0.44357541899441344
-0.10272647317502195
-0.14716471647164717
-0.027087517934002894
-0.08016344725111448
-0.05009850830284267
-0.0023529411764705603
0.005301455301455325
0.12908805031446544
-0.022979214780600436
-0.058837391987431334
-0.004104234527687267
0.1555555555555555
-0.07515257192676551
-0.034268956849602086
0.16145833333333334
0.011925465838509345
-0.09372496662216284
0.024982456140350814
0.1066305818673883
0.19141414141414145
0.11268292682926827
0.1766203703703704
0.12862918044836458
0.07931488801054014
0.18994677705499707
0.19116179615110482
0.11943539630836048
0.11575536654516005
0.10957290132547856
0.1576334580074804
0.06783216783216775
0.07138001359619306
-0.3144846796657382
-0.13744075829383887
0.17754293262879786
0.37306629834254146
0.11871455576559538
-0.13880903490759758
0.3803140096618359
0.1862809424396063
0.13946524064171134
0.039120545868081814
-0.027875734676742273
0.13143254520166897
0.7635514018691588
0.088491517652453
0.05335276967930038
0.13135656041512234
0.23968095712861426
0.1670850767085076
0.011261940673705425
0.2376896720509055
0.21465378421900153
0.23626448534423988
0.2883572567783093
0.41399468556244473
-0.0950720242608037
-0.021611853993494825
-0.02854757929883136
-0.16574785359240848
0.024822695035460994
-0.16153518123667376
-0.3323353293413174
-0.454320987654321
-0.17161572052401752
0.041414141414141355
0.48847583643122666
0.1213114754098361
-0.3962168978562421
0.09167412712623106
0.017375231053604435
0.09031825795644888
0.12343803935105278
0.1018511796733212
0.1134572959344469
-0.030396902226524664
0.020308043354249804
0.047112740604949674
0.0012108980827447483
0.5417569193742479
0.37081081081081074
0.5275899672846236
0.26284987277353694
0.3249774571686205
0.5188728216536893
0.30845360824742274
0.2284653465346535
0.3178356713426854
0.4515537442689761
0.8759852216748768
0.14873417721518986
0.2354407836153162
0.23960396039603965
0.25109034267912766
0.06585832801531592
0.28417085427135674
0.19077291791491915
0.14575289575289574
0.1179816513761467
0.14395796847635733
0.11345119139123744
0.22538271604938276
0.28679585398828306
0.338845553822153
0.35684496826835893
0.4505617977528089
0.14711359404096835
0.7875000000000001
0.3100558659217877
0.1881369426751592
0.26553911205074
-0.13189964157706097
-0.05596846846846852
-0.06984802431610948
-0.2301010857356795
-0.25093856655290103
-0.21866576819407008
-0.14380231167795943
-0.21031090121999216
-0.22872575497176525
-0.21421179717143843
-0.10656370656370656
-0.2218300046446818
0.32260638297872346
0.4482797518330514
0.3167827739075363
0.4301195219123506
0.4068466730954678
0.29505208333333344
0.34270833333333334
0.40702826585179525
-0.5364016736401673
0.12792553191489367
0.02425793244626412
0.04579560155239324
0.2642737896494156
0.09328010645375918
0.28192513368983946
0.05261918775750447
-0.12857530529172326
-0.1801335559265442
-0.19522335249889433
-0.35808249721293206
-0.26689212039228943
-0.19919069296914516
-0.19450038729666919
-0.08217710095882687
-0.24657998869417752
-0.10580459770114937
-0.23714930667526607
-0.1804615384615384
0.10152046783625726
0.4275862068965517
0.1924991476304125
0.2101073910296904
0.11944012441679631
0.1340498710232159
0.16768481629039406
0.1788127853881278
0.17027165556125054
0.027388535031847086
0.23568196509372974
0.062037037037037064
0.010169491525423752
0.3448421052631578
0.42749244712990936
0.21185647425897028
0.43285106382978716
0.15779122541603624
0.35637209302325573
-0.4070422535211267
-0.16284355179704013
-0.026697892271662797
