0.0954516335682255
-0.08212121212121219
0.22774005819592624
-0.1342184671092336
-0.04309730005094239
-0.007505518763796859
0.06008403361344538
0.12367521367521371
0.06767578124999996
-0.03438624550179928
0.013728395061728484
-0.0345638945233265
-0.01998060135790497
-0.02532532532532528
1.1420479302832245
-0.04471153846153852
-0.06619217081850542
-0.052531328320801984
-0.0022203245089666176
-0.015662650602409605
0.021640488656195424
0.16848137535816626
0.2882506527415143
0.26650906225374316
0.6169491525423729
0.22086330935251805
-0.012192513368983932
-0.15294117647058827
0.19607843137254902
0.225
0.12776349614395885
0.2262897526501767
0.19397321428571423
0.26962190352020854
-0.16187683284457474
0.14852191641182472
0.26250545613269316
0.1193286410395236
0.18833712984054674
-0.11665510062456622
-0.00918550412630065
-0.08379513014273715
-0.06153846153846154
0.2109452736318408
0.1813169984686064
0.152757793764988
-0.2016
0.22729970326409502
-0.1322101090188305
-0.09566854990583806
0.02243700379703141
0.18445121951219512
0.18610827374872324
0.11193111931119311
0.13886138613861393
-0.21774193548387097
0.11920744035584317
0.2544198895027625
0.20784108729743853
0.023459459459459507
0.23291272344900105
0.6114904246461283
0.9179190751445087
0.11693711967545635
0.09872922776148582
0.12600566572237965
0.08465286236297198
0.39999999999999997
0.1200264375413086
0.3920281359906214
0.04095465393794758
0.07654584221748396
0.5275213675213676
0.2649243466299863
0.22168021680216804
0.11005098324836118
-0.02529209621993124
-0.052618607516943985
0.3923404255319149
0.1211842776927004
-0.048331108144192315
0.03673860911270979
0.03328738800827013
0.07822111388196169
0.1334117647058823
0.1937267410951622
0.1727902946273831
0.4848314606741574
0.36844130853110973
0.25429429429429434
0.5581847649918963
0.012296707655692185
0.011357074109720842
0.1133453887884268
0.0828418230563003
-0.009665427509293764
0.3191011235955057
0.26625386996904027
0.2609069212410501
0.08766859344894026
0.105
0.15557287607170686
0.0724
0.05053242981606974
0.11218487394957978
0.11176885130373496
0.2144660194174758
0.6623376623376623
0.1852112676056339
0.3791907514450867
0.3043062200956939
0.35804117974401783
0.2058340180772391
0.0954000000000001
0.41183431952662725
0.042825410928476276
0.08578199052132698
0.15876494023904392
0.028038585209003156
-0.010182767624020829
0.23340248962655602
0.386829268292683
0.19600886917960084
0.29067615658362994
0.04981651376146785
0.007963594994311717
-0.2277703604806409
0.15755228505034863
-0.21650485436893202
0.0873303167420815
1.0888888888888888
0.12761506276150628
1.9387900355871885
-0.12822921559417566
-0.09807355516637478
-0.21597633136094674
0.028306264501160094
-0.40298507462686567
0.1896891584533738
-0.11406120760959478
-0.10348742903487422
0.006448412698412698
0.12458791208791214
0.03493699885452463
0.16425576519916146
0.08848848848848857
0.1597240189736956
0.09448275862068965
0.2397938144329896
0.14721485411140584
0.18233477455219274
0.08036697247706413
0.3070934256055363
0.48299643281807375
0.04629349470499247
0.28831168831168835
0.2557397176181706
0.26305475504322773
0.4818181818181819
-0.010036900369003622
0.26881720430107525
0.3105134474327628
0.11368760064412242
0.12401746724890819
0.18982850384387936
0.13023795705165414
-0.05793450881612091
0.13225058004640372
-0.000364963503649718
0.4080560420315236
0.1766805472932778
-0.2692737430167597
0.10448343079922032
-0.12922899884925196
0.05408106607440316
0.10299401197604784
-0.04059729351376575
0.1636482084690554
0.1844553243574052
0.11253822629969422
0.28500000000000003
0.29406952965235167
-0.09824561403508772
0.2717557251908396
-0.029442970822281228
-0.035627530364372516
-0.10207156308851222
-0.018509254627313655
-0.11067538126361662
0.1220683287165282
0.048424068767908245
0.025421133231240407
0.09783037475345172
0.19558823529411767
0.37978723404255327
0.11681521093285793
0.0008543689320387643
0.07384196185286099
-0.013795647362596862
0.006896551724137931
0.034213945430922474
0.1385292822545134
0.04983957219251339
0.4600391772771793
0.1722007722007722
0.25158774373259046
0.003508771929824492
0.1863915715539947
0.2175824175824175
0.1408355795148248
-0.14732824427480914
0.0662835249042146
-0.0629508196721311
0.036992481203007556
0.00301291248206603
-0.0691449814126394
0.3385714285714287
-0.05149375339489405
0.32822677925211086
0.689608636977058
0.2356659142212189
-0.07636363636363637
0.4328671328671329
0.31428571428571433
0.28424803991446895
0.45071350164654217
0.38119001919385803
0.3156316916488222
0.11865284974093267
0.06061899679829237
-0.16203389830508477
0.0881720430107526
0.13436426116838496
0.18155339805825246
0.02373887240356083
0.06729475100942127
0.05296803652968039
-0.019472616632860085
0.22847682119205298
0.0799163179916318
0.10703646635850031
0.06388508891928871
0.17963737796373774
0.179454926624738
0.1703543022415039
0.05959284392350395
0.1453703703703704
0.023605150214592276
0.8392108508014795
0.23302840635532018
0.05774999999999996
0.17886297376093302
0.2015810276679842
0.176271186440678
0.15069767441860468
0.21230769230769236
0.04666666666666675
-0.04489795918367342
-0.1861209964412812
-0.3446224256292907
0.034384449244060436
0.13657115104419612
0.03636363636363636
-0.11428571428571432
0.1461162411732754
0.05321100917431199
0.356903431763767
0.4056096164854035
0.1703906785469499
0.4032581453634085
0.24876462938881658
0.20611295681063127
0.13434782608695658
0.24587280108254403
0.502687249857061
0.30044139283962723
0.36308851224105465
0.6686524822695037
1.5874439461883407
1.1230202578268875
0.14175776125929157
0.01076543209876541
0.09654654654654647
0.13495327102803747
0.18821603927986907
0.18586326767091538
0.10886627906976741
0.12900943396226414
0.2468085106382979
0.549785407725322
0.4599769319492502
