0.17148058252427179
0.1362745098039216
0.7510510510510511
0.4715995647442874
0.2189370254577936
0.1367734926670289
0.1735159817351598
0.25586776859504134
0.2794096472282217
0.21633281972265014
0.8086720867208671
0.43081525804038895
0.22168106834249807
0.7834862385321102
0.7325581395348837
0.14948524365133833
0.2566473988439307
0.09691660826909597
-0.01585549422980427
0.09436565733997693
0.27942905121746425
0.09604268563806136
0.2301075268817204
0.2982543640897756
-0.05232358003442337
0.09474085365853654
-0.06431924882629103
0.29974133471288156
0.006471494607087898
0.9152941176470589
0.09042938437661675
0.0349259757738897
0.06202856096667891
0.16817558299039784
0.14377838328792003
0.05739700374531831
0.08236486486486493
0.16362827923521564
-0.14074074074074072
0.22725366876310268
0.29659574468085104
0.296629213483146
-0.0703718512594962
0.09405891163255121
0.025523986958546893
0.05844572896596018
0.5368421052631579
0.06556701030927832
0.11487834064619067
0.021058495821726995
0.35769805680119576
0.1280961182994454
0.720754716981132
0.24053156146179394
0.024302788844621455
-0.026666666666666634
0.06463519313304718
0.19675010979358806
0.10726256983240227
0.09591078066914502
0.13289224952741013
0.1789923954372623
0.03975782038345115
0.048222083593262605
0.2883910386965377
-0.05905707196029777
0.12956489401264415
0.14622823984526112
0.33052373158756143
0.07661900756938596
-0.23970588235294113
-0.01317365269461071
0.3478635829086633
0.3484808454425364
0.06955002184359975
0.6865203761755486
0.16569428238039674
-0.10346926354230067
-0.1672383205204021
-0.15508771929824566
-0.18582677165354325
0.8588979223125566
0.7239556692242115
0.3760324983073799
0.1428106701366298
0.17931649331352156
0.3322807017543859
0.28133153396311295
0.18385554965480608
0.17946169772256731
0.4853495440729484
0.1586776859504133
0.291174213353799
0.0
0.1660641829583179
0.4030514939605849
0.185
0.23515981735159816
0.6140302613480056
0.5410500206696983
0.3968503937007874
0.32764227642276433
-0.022691292875989505
-0.03794799718903725
0.38526471677156604
0.5140013271400132
0.12065761258041455
0.37999999999999995
0.07872340425531915
-0.05329067641681897
0.6172351885098742
0.09963403476669724
0.13416636915387367
0.1392592592592592
-0.05524542829643886
0.06593767085839251
0.0430939226519337
-0.48125
0.24246031746031754
0.5902298850574713
0.4848567530695772
0.6087102177554439
-0.11511354737666406
0.4651452282157677
0.09333333333333331
0.0015399422521654564
0.055716353111432707
0.0894736842105264
0.10603588907014681
0.11631205673758863
0.2584375
-0.2653061224489796
0.062135922330097085
-0.024650112866817116
0.07583807716635046
0.14089012517385252
0.01376297105406884
0.08157389635316699
0.04466891133557795
0.13726315789473684
0.11697574893009986
0.02149690489589198
0.10136239782016346
-0.3177631578947368
-0.07653179190751451
0.20454545454545456
-0.07557251908396946
-0.2153846153846154
-0.17152542372881355
0.29958373358949725
0.18625730994152043
0.29245147375988495
-0.09318463444857503
0.036312849162011177
0.13898004434589806
0.016151108677799068
0.1813692480359146
0.36425702811244975
0.3316392625809666
0.40716491661519444
0.2189965530448105
0.14805510534846034
0.027718103222426037
0.16256452051073067
-0.007951807228915735
0.08377021751254883
0.05528455284552838
0.116217540421362
0.08478964401294495
-0.11225071225071219
0.3407685881370093
0.6702392344497609
0.24583139264089435
-0.04637964774951074
0.11512770137524556
0.20089228808158066
0.06286449399656943
0.23460577952194075
0.1883422459893047
0.5015624999999999
0.03302354399008671
0.017253121452894402
0.05292074518471737
0.1391777509068924
0.17032878909382526
0.2522392938868911
-0.011005002273760717
0.21224018475750572
0.04527331189710617
0.2857142857142857
0.29157088122605374
0.6013734812466984
0.0860566448801743
0.36923076923076914
0.16873889875666073
0.41211519364448856
0.49557046979865765
0.2413669064748201
0.1930555555555555
-0.06138351444473891
-0.1785180149558124
0.03747927031509117
-0.182512315270936
0.36412246658042263
0.002518454190186792
0.07551192145862548
0.03657754010695184
-0.008272506082725036
-0.07736104835065524
-0.024445085038916167
-0.06786613889888446
-0.11755555555555551
0.5142446043165468
0.39333832335329344
0.54125
-0.2688836104513064
-0.15724743777452413
-0.1554829339143064
0.3393788819875777
0.3436363636363636
0.3230000000000001
1.133048259010385
0.4554517133956386
0.48753993610223645
0.13425605536332183
0.21753694581280783
0.13329283110571086
0.08443305573350414
0.1802223522527794
0.14323040380047508
-0.024273072060682736
0.2115577889447236
-0.03761467889908257
0.3825795644891122
0.1251178451178451
0.29408099688473527
0.3554691298006805
-0.139819318971508
-0.1003679175864607
0.4722748815165876
0.6054455445544555
0.021462639109697933
0.36947662804634446
0.754248366013072
0.1519572953736655
0.13842482100238662
0.09508041627246926
0.29449838187702265
0.017475728155339806
0.28525714285714293
0.273552983081033
0.23495419309372803
0.10008888888888881
0.4527363184079602
0.2101536406145624
0.7480874316939891
1.6606060606060606
0.5536670547147845
0.8437037037037037
-0.12361809045226123
0.5717741935483871
-0.007909604519774044
0.4216320618058908
0.397012222725215
0.07598566308243732
0.21726562499999993
0.26313513513513526
0.20753012048192776
0.4126242544731609
-0.03146622734761124
0.06695402298850583
0.04428336079077433
0.011181787746903277
0.23629776021080373
0.05267366316841584
0.0703131524008351
