0.009041835357624893
0.49054545454545445
0.06652719665271967
0.11900425015179114
0.07362637362637366
-0.12019566736547868
-0.1658371040723982
-0.35766283524904213
-0.12175904718277597
-0.2677595628415301
-0.21256436663233777
-0.2773109243697479
0.2
0.12809587217043947
0.40929319371727757
0.16129582267689688
-0.019027484143763214
-0.097444352844188
0.06109979633401222
-0.37377812257563997
-0.2256776034236805
-0.38218687872763424
-0.22093457943925235
0.05853040540540537
0.6194444444444444
0.12329411764705886
-0.1728026533996683
-0.18971807628524048
0.046975088967971555
0.03020618556701026
-0.1347368421052632
-0.01033797216699799
0.33272171253822636
0.5341040462427744
0.020267857142857185
-0.035541195476575124
-0.005938600905888251
0.10450623202301054
-0.054324622745675344
0.17575757575757583
0.2807843137254903
0.3666666666666666
0.0692582308607695
-0.06428571428571432
-0.01662859753312019
0.7859848484848485
0.45197215777262173
0.269100062932662
0.2118738404452691
0.2101412066752247
-0.07733659132559555
0.3874015748031497
0.40950323974082076
0.594871794871795
0.6095555555555554
0.2951324707332101
0.2954268292682926
0.030360531309297913
-0.2606779661016949
-0.16821885913853318
0.12783505154639171
-0.2176560121765601
-0.2807017543859649
0.1016064257028113
0.11013215859030837
-0.2171665897554222
0.013232363491430777
-0.03228750713063315
-0.20074906367041195
0.6097938144329897
0.203125
0.2959649122807018
-0.024964539007092286
-0.10113568439928275
-0.135671100362757
-0.09026013309134909
0.01977587343441002
-0.037542150618209
0.18181818181818182
-0.0028011204481792717
0.17610710607621008
0.1783185840707965
0.8063829787234041
0.18181818181818182
0.43970149253731344
0.16781214203894615
-0.2515923566878981
-0.022721437740693254
-0.06592920353982301
-0.0061497326203208864
-0.126536312849162
0.12943999999999997
0.9897216274089937
0.12461322081575249
0.43263888888888896
0.3998136067101584
0.0800513698630137
0.14813895781637715
0.1457142857142857
0.06882022471910113
-0.06315789473684205
0.27721854304635757
0.40888888888888886
0.06793478260869565
-0.1070777855641205
0.2253081347576007
0.10261248185776495
-0.11304347826086952
0.29583333333333334
-0.28232118758434555
-0.29918032786885246
0.18249641319942617
-0.07967479674796746
0.11297423887587814
0.23551912568306008
0.1971326164874552
0.03499737256962686
0.19938335046248715
0.2504672897196263
0.11662696522153415
-0.11313506815365545
-0.1829787234042553
0.10149700598802389
0.565653896961691
-0.0556730769230769
-0.09141566265060248
0.059584035975267007
0.18065783014236622
0.1422297297297298
0.27159904534606194
0.43508771929824563
0.17959895379250218
-0.3666129032258065
-0.31939520333680915
-0.2015267175572519
-0.2251101321585903
-0.18314917127071825
-0.1770022371364653
-0.13195652173913042
-0.08467933491686455
-0.28372943327239486
0.34174757281553386
-0.08681096681096687
0.8365853658536586
0.39185750636132316
0.5870283018867924
-0.12025836758661183
-0.17127827459231978
-0.03237486687965919
0.33114754098360655
-0.09421487603305789
0.18987993138936543
0.5943107221006565
0.3233294255568581
0.7229473684210526
0.4878440366972478
0.19795348837209298
0.7418819188191882
0.4635100360267627
0.11838487972508586
0.7865296803652968
0.34419695193434924
0.9191740412979351
0.07589285714285714
0.052237960339943365
-0.1446009389671361
-0.1659803043867502
-0.053855878634639726
0.13358888356492582
0.27348721147847793
0.4629213483146067
0.2888888888888888
0.25846153846153846
-0.09353363814500329
0.32048811817597944
0.0174245053800763
-0.1782534246575343
-0.1018181818181818
0.7420560747663552
0.06318245450303317
0.06847103513770172
0.039127045985970416
0.20681481481481484
0.23763239875389414
0.20152963671128102
0.7186721991701245
0.0300178677784396
-0.19950859950859948
0.15059347181008903
-0.13278008298755187
-0.03182481751824811
0.6378378378378378
0.28877374784110543
0.48919753086419754
0.4382189239332097
-0.16614730878186962
-0.4799283154121864
-0.1296252927400469
0.05126050420168062
-0.11941649899396382
0.25671392827356126
-0.04822202948829134
0.26127167630057796
0.14554973821989534
0.3769585253456222
0.25832566697332104
0.06233502538071075
-0.3030088495575221
0.4727941176470589
0.5958847736625514
0.55862660944206
0.12236453201970447
0.01434548714883443
-0.11002710027100278
-0.038663484486873484
-0.14235976789168284
-0.06007067137809187
0.2186882300089848
0.1687342833193629
0.083867463335144
0.2443661971830986
0.23641304347826086
0.3107871720116619
-0.06930091185410338
0.05498392282958207
0.30142857142857143
0.4882062534284147
0.34062499999999996
0.5107692307692309
0.7722411831626849
1.467924528301887
0.5677419354838709
0.5436285097192226
0.615055951169888
1.3156097560975608
0.3102403343782655
0.25375939849624063
0.16427758816837312
0.1798520204894707
-0.0031032637774210566
0.007660878447395302
0.04813559322033901
0.16539293439077152
0.4625766871165645
1.5186813186813186
0.37497765862377114
0.59500693481276
0.2438845144356955
0.5074688796680499
0.40489795918367344
-0.20665434380776343
-0.039534883720930274
0.2947065592635212
0.5435267857142857
0.14625322997416015
0.025224521671222144
-0.012025554302893648
-0.033715596330275203
-0.04364464692482924
0.10417101147028164
0.0949471210340775
0.2422764227642277
0.275721153846154
