0.07658998646820035
0.20403530895334168
0.1567933032839665
-0.08935982339955854
-0.20649350649350653
-0.009154929577464789
-0.007995495495495521
0.02231075697211158
-0.0019210977701543427
-0.0036500943989930487
-0.07102272727272728
-0.0529571351058057
-0.09893483709273189
-0.15643826547500825
-0.06957564133301362
0.05680933852140078
0.12669683257918551
0.3435867672663958
0.17146371463714635
0.020166421928536377
0.057334226389819096
-0.1611805256355019
0.23467395548613823
0.027460815047021914
0.2005156300354495
0.44425349087003213
0.061507456670697264
-0.004166666666666703
-0.15973059198865647
-0.02102295610149006
-0.11185770750988147
0.04263005780346821
-0.04299999999999997
0.06514745308311
0.16771378708551488
-0.006533036377134339
0.1927182044887781
-0.11334565619223656
-0.15095367847411448
-0.291451520367183
-0.3146478873239436
-0.24177139437462597
0.48624161073825495
0.45557963163596965
0.16914033798677447
-0.033291298865069326
0.08741776315789469
0.12365184484389787
0.23378995433789948
0.14464944649446498
-0.01352893235533815
-0.02222222222222218
0.0391355599214145
0.017148760330578574
0.1852680039460704
0.0520723876240514
-0.03541195476575118
0.08375165125495368
-0.019805194805194756
-0.05437430786267998
-0.008523409363745526
-0.013289581624282235
0.028742514970059804
0.07706146926536722
-0.049927641099855286
0.053413173652694636
0.0820149547422275
0.3700787401574803
0.10412213740458022
0.09395456295725838
-0.10378548895899053
-0.011781050291747733
-0.15930232558139537
0.01953488372093023
0.017596741344195446
0.04649390243902439
0.1418118466898955
0.02129353233830855
0.01512309495896832
0.42559339525283807
0.27525773195876285
0.10526315789473684
0.016226071103008163
0.24132104454685102
0.03639336603597294
0.2291950886766712
0.16643295354951804
0.28715677590788313
0.33941338221814843
-0.01943820224719096
0.06297117516629717
-0.09439853076216709
-0.06995073891625612
0.00029542097488928433
0.03889437314906228
0.19066666666666662
0.0529411764705882
0.09490538573508002
0.07551266586248499
0.1841158402808249
0.16384364820846908
0.05215646940822467
0.11237113402061856
0.3036179450072358
0.005466012613875231
-0.03266571292322365
-0.10083432657926106
0.17793827971109652
0.0083870967741935
0.2182516810758886
0.16267090620031793
0.002982848620432513
0.33728991596638647
0.046671767406273906
0.322967359050445
-0.09853157121879592
-0.07287543655413274
-0.00909386164339071
0.3083798882681564
0.19991772932949403
-0.003934426229508159
0.14701492537313438
0.23682719546742206
0.19361313868613142
0.45367965367965374
0.09700889248181083
0.07676923076923073
0.30606826801517056
0.13339862879529876
0.03390142791340392
0.008845738942826371
0.0356020942408377
-0.03134715025906742
0.02448657187993681
0.14546938775510207
-0.15783365570599617
0.16558287073750988
-0.11730205278592376
-0.10929147221043696
-0.06386706948640486
-0.10327613104524189
-0.012320328542094456
0.0965171007216818
0.15985018726591768
0.09405737704918037
0.10393541876892028
-0.015375228798047617
-0.06124688279301743
0.06406504065040647
0.30517928286852586
0.17780040733197547
0.2265170831208566
-0.19717073170731708
0.08322147651006705
-0.08888888888888889
0.3128738621586476
0.23920454545454542
0.2951048951048952
-0.039752407152682225
0.29631578947368425
0.29321943406300044
0.0878787878787879
0.07277353689567423
0.15877640203932994
0.2752674230145867
0.1344165435745938
0.17723745473357472
-0.07237040764972318
0.2076923076923078
0.12797992471769135
0.22124031007751946
0.16347537354731603
-0.034810596682347095
0.1366298972993533
0.028052325581395282
0.03509979353062629
0.09368911478187202
0.41746724890829684
0.23043478260869565
-0.07021582733812944
0.4970106075216973
0.16247422680412363
0.29015910430170894
0.7618717504332756
0.8074550128534705
0.18558558558558563
0.13510895883777244
0.016142478211443694
-0.09077728554168349
0.20750382848392038
0.014343371623719285
0.5198942498347653
0.2860986547085201
0.09071661237785024
0.05747682386134619
0.21725589225589217
0.33823141223053244
0.2969999999999999
-0.21947835738068813
-0.08971051877328748
0.01798679867986795
0.16209293816319062
0.009084745762711927
0.24457142857142852
0.43452380952380953
-0.02733773377337736
0.113879922530665
0.048753016894609744
-0.1345132743362832
-0.04716459197787002
-0.004034582132564885
0.02975646879756462
0.1097480832420592
0.1294117647058823
0.04926650366748161
0.051470588235294115
0.04724152022885162
-0.1029393370856785
-0.12835493081484736
0.02692880548108433
-0.03876272513703994
-0.05169753086419753
0.23550295857988163
0.5766233766233767
0.43477272727272714
0.20177179305457127
0.24302203567680997
0.39292543021032506
0.15221843003412977
0.19668313338038113
-0.13930635838150285
0.03301295445048057
-0.03303377750232411
0.036562073669849975
-0.14516129032258066
0.005967604433077579
0.11625766871165637
0.3864661654135339
0.31647058823529417
0.10066666666666663
-0.024491135915955323
-0.06123000675827893
-0.0644622578490314
0.16137931034482755
0.18589211618257265
-0.016747572815533924
0.14007110208227536
-0.011235955056179775
0.09092451229855814
0.07583732057416265
-0.0834770114942529
0.032460283383426325
0.11265450264861689
0.017537942664418174
0.12118570183086312
0.07831094049904022
0.1198936641559592
0.2396866840731071
0.24334494773519166
0.3007707129094413
0.2725452812202098
0.113143343258188
0.1423849933005807
0.3415977961432507
0.5301173402868317
0.3005181347150259
0.10647382920110186
0.031914893617021274
0.10192061459667097
-0.020215495125705536
-0.017315387413604916
0.08223999999999997
0.365658445788739
0.1447944006999125
0.22876447876447875
0.11738273551438715
0.17498802108289402
0.055284552845528454
0.07930565010211028
0.17142857142857146
0.275098814229249
0.038605356240525565
0.2522903453136011
0.12969596001665976
0.16369600874794976
0.16918972990997003
0.29285228046289996
0.26569091691777863
0.8720496894409937
0.14420567920184196
-0.24796747967479674
0.44016736401673645
0.07972972972972973
