-0.12936014625228526
0.015438843849136475
-0.013818181818181771
0.15220338983050852
0.1967507481829841
0.2538922155688622
0.016521739130434834
0.26844863731656177
0.1341346153846154
0.2652014652014651
0.03310961968680085
0.2635202665186007
0.16246056782334384
0.04971493728620299
0.0795294117647059
0.21399004453759501
0.17271268057784916
0.03321218898518317
0.09390298175344905
0.061115602263540875
0.20036231884057976
-0.08341158059467911
0.1413680781758957
-0.07757504414361387
0.04462864721485408
0.056580937972768496
0.5115963855421688
0.15083459787556902
0.5128345916266299
0.031950207468879666
0.39650605804451955
0.14592637296318645
0.18713773116202043
0.22363636363636358
-0.06055045871559628
0.5814814814814815
0.10103244837758112
0.3571072319201996
0.3057991513437059
0.0823791821561338
-0.0777106292214717
-0.017069243156199714
-0.08351164254247957
-0.05753424657534251
0.09272727272727273
0.17890558548341368
0.3618685497012492
0.19010717230008237
0.22665716322166785
0.26219035202086055
0.03633192125591831
-0.014380472273812634
0.21037463976945245
0.1255369928400955
0.0787610619469027
0.19811616954474104
0.10411861614497521
0.0842105263157895
0.08306997742663659
0.005710491367861825
0.27129455909943717
0.07397260273972611
0.25526751241036966
0.570608108108108
0.3426666666666668
0.13540569020021076
0.33119383825417203
0.06768597471331955
0.19680638722554888
0.2508108108108108
0.20033879164313959
0.12579681274900395
0.10683012259194395
0.23156720580033455
0.11958698372966202
0.2638078902229845
0.3682857142857142
0.1445945945945946
0.3463687150837989
0.39477575160177425
0.3575400168491997
-0.10450499055840305
-0.13638463153474709
-0.08319076984284858
0.013337735226147273
0.11321671525753159
0.24909243228148562
0.36861143523920664
-0.01929824561403509
-0.1393709327548807
-0.13985721748215216
0.04111888111888109
-0.07264239028944908
0.26254545454545464
0.58195211786372
0.5639097744360902
0.27642045454545455
0.3547619047619047
0.43098591549295767
0.5084033613445378
-0.14249307479224382
-0.008304042179261903
-0.02235049642114989
-0.07022100706311228
0.2329286798179059
0.3422945205479452
0.24941520467836262
0.08893747267162225
0.04238205723124513
-0.00610932475884237
0.017624521072796877
-0.004834605597964318
-0.021670802315963644
-0.026300927793465035
0.10275555555555548
-0.043227091633466073
-0.04615384615384611
-0.012177121771217754
0.012177502579979313
0.01952368489924101
0.0005673758865247367
-0.19544303797468351
-0.0370290635091496
0.05137614678899092
0.3408583186360965
-0.028545454545454627
0.14868421052631584
0.1706758304696449
0.08523994811932564
0.1463472485768501
0.10518407212622088
-0.016219839142091182
0.05064011379800857
0.033469865418373344
-0.0633442622950819
0.15504469987228606
0.15514018691588785
0.21042524005486968
-0.03917410714285717
0.074426807760141
0.06377295492487474
0.3293716512420847
0.34502712477396025
0.5471612414837245
0.11753554502369673
0.14376558603491266
0.33063263041065494
0.07658227848101262
0.21511811023622052
0.06097826086956524
0.10961862976712797
-0.06538461538461542
0.0728593996840442
0.09264705882352937
-0.0198230088495576
0.09514563106796109
0.019097351734427385
0.11833150384193197
0.03854447439353103
0.024886877828054297
0.007427055702917802
-0.0967845659163988
0.15492063492063485
-0.08471470220741362
0.21597256246937785
0.056886082098615454
-0.15188536953242843
0.03536764705882346
0.08631051752921544
0.15768811341330416
-0.20264900662251653
0.3100303951367781
0.09016727866177071
0.04270139309509388
-0.11532846715328465
0.03333333333333341
0.16036585365853664
0.07679403541472501
0.11223404255319146
0.23316280469455317
0.3145510835913313
0.020983606557376976
0.22900597501357953
0.19901153212520598
0.16459237819585135
0.08216318785578738
-0.02844669117647063
0.011393060590367685
0.15493533015656905
0.14362342638204711
0.1052351375332741
0.08956958014259303
0.07175748273215656
0.06619115549215407
-0.028249818445896944
-0.04075531077891421
0.06628830874006808
-0.018604651162790677
-0.03769571639586408
-0.03909716908951791
0.13369119040101046
0.15427927927927929
0.029176854115729383
0.0921568627450981
0.15461129888942532
0.1576530612244898
0.2605253940455342
0.09154691462383767
0.2105398457583547
0.14887525562372195
0.26685032139577586
0.187987449574182
0.16456236657517534
0.30929024812463934
-0.01136120042872461
0.08537656197230671
0.08068283917340517
0.3093415007656968
0.08534145280556756
0.18470651588583736
0.21870876531573982
0.022651933701657374
0.156572541382668
0.12244224422442239
0.20274663677130034
0.19068038879359633
0.14644808743169394
0.004591368227731864
0.16011787819253437
0.2610867885655421
0.2500674763832658
0.21237715803452864
0.09010815088367195
0.19477006311992787
0.18066568771414582
0.16302879488091002
0.18712121212121208
0.08172373989996155
0.14511097780443916
0.0
0.11782115869017626
0.20822454308093996
0.15246835443037982
0.16372340425531925
0.04850852272727269
-0.034209268991877644
0.14889800102511533
0.19190667152752464
0.06064648537711638
0.07406029028656494
