0.9131403118040089
0.3871859296482413
1.355513307984791
0.920967741935484
1.154782608695652
0.7347744360902255
0.8305676855895195
0.729698942229455
0.3265578635014837
0.6367771280051981
0.43309438470728795
0.07194301543332021
0.17929606625258804
0.38334985133795835
0.20073766712770866
0.07922705314009665
0.09676923076923073
0.12442528735632187
0.04066073697585769
0.26731141199226316
0.22284160435078176
0.14109816971713815
-0.24205405405405403
-0.3836512261580382
-0.2893286219081272
-0.11083333333333331
-0.16121103117506
-0.07874505370265684
-0.20303421562298257
-0.05779086892488949
0.20671140939597324
0.029506990434142684
-0.15352697095435686
0.30840989399293295
0.15313351498637598
0.08969607116382505
0.12067868504772007
0.11591192355629414
0.04185094185094178
-0.09696969696969694
0.06440677966101686
0.25950759559979053
0.07075743048897407
0.42577319587628876
0.08173153296266886
0.4025445292620866
0.14878048780487815
-0.025059382422802878
0.036920039486673335
0.036420395421436005
0.1692070030895983
0.2114832535885167
-0.01773127753303967
0.16095617529880468
0.11392405063291139
0.1429889298892989
0.054279105628373236
0.39603960396039606
0.29323715058611366
0.2855443732845379
0.2757201646090535
0.3395996518711924
0.23388739946380688
0.0522366522366523
0.12880203908241283
0.20000000000000004
0.1328571428571429
0.008801955990220104
-0.05186226282501754
0.037733035048471225
-0.05381727158948686
0.16520129569643682
0.06431818181818189
0.1359215017064846
0.05298921920940863
0.031237322515213013
0.2395709177592372
0.33443983402489635
0.26723704076497234
0.27955390334572494
0.07898658718330849
0.2705882352941176
0.36538461538461536
0.06890547263681589
0.1528776978417266
0.09879032258064516
0.08796068796068798
0.08496551724137934
0.19044117647058828
0.6153846153846154
0.2304629168740667
0.21381705905055962
0.0678899082568807
0.24393139841688652
0.2513073507646769
-0.11428571428571428
0.11452581032412962
0.20410958904109588
0.1703311258278146
0.15240443896424172
0.28352788586251626
0.11105909888823871
0.10398517145505101
0.23132530120481928
0.1865771812080537
0.4411764705882353
0.024411764705882386
0.23693379790940766
0.10749891634156913
-0.06844181459566073
0.030337078651685393
-0.003305785123966911
0.03345633456334569
-0.17533129459734964
-0.01833966359196959
-0.21132723112128152
-0.24689128169503305
-0.06429051782111628
-0.10832037325038876
0.04395878863565413
0.013985185185185132
-0.04032165422171169
-0.11682098765432106
-0.10773662551440337
-0.000854700854700784
0.11490384615384623
0.1551810237203495
0.21858600583090385
0.06624261699227632
-0.1632809505557685
0.005208333333333333
0.09018749999999998
0.12561819980217606
1.1184952978056424
0.7849337748344369
1.7112582781456953
0.6296987087517936
1.227322404371585
0.839292364990689
0.26783891094724893
0.46103379721669974
0.7119573495811121
0.1521072796934866
0.3099319727891156
0.6742424242424242
0.5750452079566004
0.47947019867549673
0.49054441260744996
-0.04564643799472298
0.1024691358024691
0.1338365896980462
0.3551508252703472
0.09002961500493588
-0.005802047781569927
0.08907741251325557
0.24700239808153476
0.20568775391758565
0.08063063063063065
0.3594896331738436
-0.07683397683397689
-0.06885245901639349
0.06815789473684204
0.1427953890489914
0.15018972059330807
0.23639751552795024
0.3299752270850536
1.5112426035502957
0.3241491085899514
0.30199203187250995
0.19314159292035388
0.4484536082474227
0.42712933753943216
0.35932706580900536
0.004387372926698794
-0.34687975646879754
0.33878954607977985
0.5821256038647343
0.28682432432432425
1.6974358974358974
0.825400457665904
0.9239152371342078
0.8205059920106526
1.3947089947089948
1.1865633074935402
0.9289389067524115
-0.16596218020022244
0.09405762304921972
0.04694724362774158
-0.021929824561403508
-0.10611664295874826
0.11130547457078066
0.026135458167330643
0.14041229093737845
0.3168499467896417
0.14840948525159045
-0.22556179775280902
0.1529801324503311
-0.10458553791887128
0.17014799154334043
0.07441860465116275
-0.024039829302987165
-0.011134020618556732
0.12289263531499556
-0.05684079601990055
0.3414077860794337
0.20864197530864204
0.05686746987951813
-0.01250000000000007
0.2470588235294118
0.0920747996438113
-0.06347469220246235
-0.04594594594594598
0.0007590132827324047
0.034292425132119844
0.06283280085197018
0.28841544607190417
0.19663865546218492
-0.08636555508653436
0.2336448598130841
-0.05351577347016351
0.08944099378881981
0.009102296450939533
0.2265029088558501
0.13159441587068327
0.034229828850855744
0.22162679425837312
0.3353224254090473
0.015739689746500155
0.08061561011359472
-0.019906819144430325
0.09295352323838081
0.17396619920891773
0.10391556009533531
0.3156626506024096
0.06083213773314201
0.164310776942356
0.19165998396150763
0.5501818181818182
0.340325117986366
0.4742987979393245
0.3397590361445784
-0.04025157232704406
0.2719278466741826
0.03244575936883638
0.17320481927710848
0.11983723296032557
0.048151408450704265
0.20456824512534807
0.0867835149218379
0.13438057836486972
-0.08147512864493997
0.1343954248366013
0.45034429992348884
-0.04676582497405736
-0.15334928229665068
0.1136191677175284
-0.2790378006872852
-0.42430703624733473
-0.07578947368421053
-0.013936557462298469
0.13745565129244797
-0.024023154848046343
-0.08936170212765954
0.013789173789173815
0.07351351351351351
-0.037095282146160875
0.06405610753945055
0.21682242990654196
0.35663234403391897
0.16415662650602408
0.1553914327917283
0.16052366565961743
0.13899999999999996
0.18309859154929578
0.2820253164556961
0.11875
0.08169336384439356
0.11383989145183172
