0.38445229681978804
0.300763358778626
0.12957589285714288
0.27613168724279846
0.013655287260616229
0.24176308539944913
0.18955223880597014
-0.03467741935483869
0.12012288786482342
-0.020240963855421634
-0.16650185414091476
-0.10675862068965514
0.05303867403314914
0.0326287262872629
-0.12988505747126433
-0.06897663174858977
0.14103019538188272
0.1079829372333943
0.8525547445255476
0.6529449838187703
0.24586583463338538
0.2660260033917467
0.06330935251798556
-0.008756006406834004
-0.11048593350383629
-0.13820598006644527
0.20202617138032922
-0.17797101449275357
0.42445652173913057
0.41875
0.4944849115504683
0.23999999999999994
0.2771020624008461
0.10954356846473029
0.13202146690518776
-0.06501547987616099
-0.061853658536585344
0.13353621424223985
0.24523326572008108
0.06692015209125483
-0.0226492232215863
1.2380000000000002
-0.07288776796973513
0.10401554404145072
-0.0008221993833504158
0.10665342601787496
0.014135625596943605
0.14174757281553402
-0.05267304445694986
0.04673178061607817
0.26762417713943737
0.34225996080992815
0.2574613003095975
0.14716369529983786
0.27343565525383695
0.25212053571428583
0.38235294117647056
-0.16790123456790126
-0.10944309927360772
-0.02152974504249298
-0.07796610169491526
-0.10567210567210568
0.011111111111111138
0.33176733780760614
0.03247559893522618
-0.23962703962703966
0.06936416184971098
-0.05078597339782346
0.14963119072708114
0.32199058507061196
0.03569620253164563
0.1148254149971379
0.3405962059620597
-0.2008583690987125
-0.36025641025641025
0.1136314067611778
0.1869636963696369
0.2799163179916317
0.15228981544771014
0.4428318584070797
0.4402190923317683
0.030026455026455085
0.47164685908319176
0.2190800681431006
0.19256064690026944
-0.008686210640608035
-0.06008810572687229
0.014053254437869823
0.38672566371681405
0.3434343434343434
0.09523809523809523
-0.023236514522821553
0.1475915221579962
0.06708621774701064
0.15590909090909097
0.06188769414575861
0.11430446194225725
0.363888888888889
0.14530831099195707
0.07796052631578944
0.0920289855072463
0.05846153846153838
0.09352380952380956
0.37037037037037035
0.05369774919614144
0.23814589665653502
-0.34652956298200516
0.014756671899529067
0.12796052631578939
-0.08531395952257399
-0.00933409220261815
0.16688311688311688
0.03320713899405089
0.05288326300984532
-0.10527272727272723
-0.05636031649421784
-0.07150943396226411
0.13878351863963378
0.10983606557377044
0.07079347214406301
-0.20765306122448973
0.0683972911963883
-0.08347031963470318
0.017963386727688838
0.40929648241206024
0.5719495091164095
0.1032672737011249
0.3972000000000001
0.3327014218009479
0.11872509960159366
0.17676767676767677
0.41876750700280113
0.39553264604811006
0.1905905905905907
0.09969788519637462
0.24308002013085053
0.3659851301115241
0.07709090909090904
0.1680199875078076
-0.04039999999999998
0.44000000000000006
0.03283582089552243
0.16594857539958302
0.328409090909091
0.09344569288389509
0.12859618717504329
0.2259453781512604
0.08445807770961136
0.15672131147540988
0.07272727272727278
0.1434679334916864
0.13575317604355708
0.20973505853357985
-0.1542448614834674
0.031462829736210986
0.04590860786397454
0.1623188405797102
-0.30081081081081085
0.31368038740920084
0.2634943181818182
0.5291666666666666
0.007909604519774098
0.05623762376237624
-0.03606830487296956
-0.11182197496522946
0.17026568682871668
-0.02522088353413662
-0.2534296028880866
0.9724137931034483
0.16941015089163236
1.1480519480519482
0.18529411764705878
0.2732965009208102
0.18616714697406347
0.0028169014084507044
0.00415944540727899
0.1266044340723454
0.630120481927711
0.1992654774396643
0.0842197035745422
0.49290012033694336
-0.022918707149853064
-0.03951093951093957
0.0842754367934224
-0.34790419161676644
-0.05561613958560523
-0.15252747252747256
-0.42827763496143956
0.18908450704225355
0.23216444981862153
0.2312169312169312
0.10919540229885058
0.24458525345622115
0.07289940828402369
0.12487804878048778
-0.025631768953068675
0.2552278820375335
0.0681440443213297
0.1850871080139372
0.2805970149253731
0.41321695760598515
0.3577464788732395
0.3933491686460808
0.24469841269841275
0.2561555075593953
0.3041198501872659
0.10100582318687146
-0.12947214076246327
-0.005157593123209202
0.6017937219730941
-0.26318644067796615
0.005287846481876372
0.1575919019712308
0.14971687429218578
0.1512655086848636
0.2771875
0.5087649402390437
0.10446773303916167
0.006100660904931368
0.0020287404902790285
0.04629539951573845
-0.03685039370078737
0.28319999999999995
0.0558404558404559
0.40805729632945387
0.19371069182389944
0.46230636833046485
0.2607855763039279
0.10215053763440861
-0.01777777777777781
0.3526530612244897
0.9705882352941176
0.2466281310211946
0.30031545741324916
0.589029535864979
-0.06420525657071334
-0.11275590551181106
-0.3458064516129032
0.19964695498676086
0.3828958509737511
-0.008333333333333368
0.30804150453955903
0.2657894736842106
0.125548189699133
0.2603603603603604
0.076038338658147
-0.3293439472961845
0.2972202423378475
0.28384615384615386
0.34176165803108804
0.6096273291925465
0.025709219858156027
0.1861264579496624
0.18740920096852295
-0.20388349514563106
0.12505175983436848
0.3084205735093309
0.3284974093264249
-0.08142244022072345
-0.3141226818830242
-0.004162976085031041
0.12362707535121333
0.059277108433734994
-0.13549222797927465
0.3489583333333333
0.5603448275862069
0.31695692025664524
0.4929447852760736
0.7316770186335404
0.05552282768777621
0.10223503965392931
-0.261455525606469
0.3023980815347722
0.532054356514788
1.4869955156950674
0.037258815701929474
0.033766233766233694
0.3506900878293601
0.29004048582995956
0.5242105263157896
0.08396124865446716
