-0.09900990099009901
-0.02937576499388005
-0.025217031831335262
-0.023138297872340396
0.0682926829268292
0.06335282651072124
-0.03366221706326175
-0.192156862745098
-0.03508084272415478
-0.010842663523865698
-0.21514617823177182
-0.2244924266838543
-0.010022201078338061
0.00400600901352028
-0.0942553191489362
-0.019025787965616072
0.11254689453939141
0.05049040511727083
0.03752792256142959
-0.015261044176706873
-0.09747774480712174
0.11393258426966289
0.2051612903225807
-0.05873015873015878
0.11948387096774196
0.012811387900355953
-0.11481481481481487
-0.045266272189349144
0.25104712041884814
-0.09421894218942192
0.2117536436295252
0.09930423782416192
0.11907077255537553
0.11180919139034325
0.13398058252427178
0.1088942307692308
-0.027433628318584022
0.11135531135531145
0.061175768427335124
-0.08164794007490629
-0.021283255086072022
-0.1979353062629043
-0.073511486169714
-0.09925484351713858
-0.050571559213534484
-0.03262182843334676
-0.17741833174754204
-0.1522209436133487
0.12225785760102624
0.17633136094674562
0.012534059945504149
-0.06069847515986232
-0.03316338917212914
0.022102254684026646
0.01224719101123593
-0.04753833736884592
-0.07057769816390502
-0.04990049751243779
-0.0978323322016192
0.0643722733882696
0.0480055020632737
0.027038895859472965
-0.0032876712328767676
0.0027129679869777536
0.7871657754010695
0.1413064058062481
0.09544159544159544
0.156300434512725
0.1833489242282507
0.06554092730394963
0.10080688542227009
0.17163671685284124
0.13574047954866003
0.13191919191919182
0.10119617224880385
0.13060897435897437
0.04155513065646912
0.22139495079161323
0.35237623762376247
0.1553242117787031
0.21219663970130678
0.15121014214368034
0.29446640316205536
0.1738838536421618
0.19641367806505422
0.16015531660692944
0.13612903225806441
0.23684415079673538
0.16755433119069485
0.21788235294117644
0.45667828106852504
-0.010045662100456655
0.05164609053497947
0.011184882533197186
0.11571582346609258
-0.023950870010235353
0.07866666666666663
0.016757940854326348
0.010710441334768617
0.13913738019169333
0.003751584283903722
0.10122295390404507
0.06102117061021171
0.038486744116770874
0.2165571616294349
0.016440677966101772
0.1026780626780627
0.11166805903648008
0.09148446490218642
0.13622735790131163
0.3271872060206961
0.7075098814229249
0.2682448036951501
0.015584415584415543
0.07279596977329969
-0.016772927905836215
-0.06883495145631066
0.24879482657260424
0.05909090909090909
0.06712141882673948
0.12960325534079342
0.15138888888888893
0.45155279503105583
0.043410852713178294
0.019720101781170483
0.06206896551724135
-0.01527377521613836
0.1565217391304348
-0.03514774494556769
0.33449651046859424
0.3614190687361419
0.22209612817089455
0.2482463644140291
0.21431492842535793
0.3780057710804745
0.36211517566099244
0.26899862825788756
0.36211354693648107
0.13986842105263153
0.24086845466155818
0.19898255813953486
0.20242996962537974
0.5229289150187066
0.2772808586762075
0.2840470588235294
0.47074468085106386
0.21352992194275805
0.3346998535871157
-0.1958997722095672
-0.24744744744744746
-0.028515369522563706
-0.11024033437826541
-0.14525490196078436
-0.2032977691561591
-0.16446816622188337
-0.18926296633303002
-0.07767929089444005
-0.07117160913952363
-0.03025
0.20839936608557844
0.3677419354838709
0.15186915887850466
0.18492618492618493
0.19638739431206764
0.15956151035322777
0.10436385986478178
-0.4130081300813008
-0.007218683651804726
-0.07182858534209885
-0.07361516034985423
-0.04791537025513379
-0.04590533433508633
-0.06841025641025646
-0.2416965352449223
-0.0918185066095034
-0.07885441527446303
-0.3293814432989691
-0.07702702702702707
0.11656754460492783
0.09855782312925165
0.12633171912832933
0.10556687033265445
0.18333333333333338
0.17822966507177032
0.10398680230959577
0.05740236148955499
-0.24068209500609017
0.05047438330170782
-0.039538826720922314
0.06723300970873784
-0.06277042298999035
0.017225286380992747
-0.10421792618629176
-0.14736842105263162
-0.16069153776160147
0.024107142857142883
-0.20862068965517244
-0.1280254777070064
-0.17880184331797241
-0.004446308724832176
-0.16271929824561396
-0.28179966672838364
-0.19921197793538223
-0.0034736842105262677
-0.02549659057219093
0.00023875845602861482
0.014430894308943136
-0.03877834335955584
-0.10360205831903942
-0.02651383005232995
-0.11219131791005976
-0.07832910223863376
-0.0715479115479115
-0.19275362318840583
0.027989675939202728
0.01463933989885547
0.08261617900172118
0.04381015599070694
-0.019690402476780156
0.023194748358862087
0.20893098782138023
0.03353331228291753
0.0140430351075877
0.0650341685649203
0.0631802721088435
0.02090656799259936
1.0356164383561643
-0.1048701298701299
-0.1977138018628281
-0.06428571428571436
-0.07386363636363637
-0.1407519708914493
-0.13500578927055198
