-0.010037174721189548
0.18505573968062664
-0.13474025974025974
0.0033462033462034243
0.13686067019400358
0.23099850968703428
0.14330434782608692
0.02182254196642691
0.058122119815668255
0.1452309985096871
-0.16585043017868964
0.1958474896187241
0.009342472708809389
-0.05900962861072899
0.28205969170219747
-0.11494057724957563
0.12330097087378644
-0.010497737556561004
-0.07693529178245342
0.16263736263736256
0.053534031413612536
-0.05720411663807894
-0.025562608193883413
0.18932748538011696
-0.015083251714005817
0.46215053763440855
-0.04849987602281178
-0.008491182233834096
-0.26253203485392107
0.30847723704866564
0.5107558139534885
-0.08561085972850681
0.216052416052416
0.15452951490356523
-0.13648928818244643
-0.1323017408123791
-0.39604482531311797
0.21342756183745576
-0.20273972602739723
-0.3082942097026604
0.0734056122448979
0.06263879817113004
-0.16070496083550917
0.12940392940392936
0.3620689655172414
0.11345875542691748
0.4994035785288271
-0.04759089565474431
0.1181863979848866
0.16749633967789163
-0.04373610081541883
0.07836411609498678
0.0024582414119130734
0.10407239819004525
0.1482674133706685
0.2967914438502674
-0.16362187997875727
-0.2828717948717949
-0.21986483719025188
0.13582417582417572
-0.007329842931937202
0.14846953937592866
0.04519774011299435
0.11414588673968776
-0.26704936854190586
0.14296482412060296
0.24722483537158987
0.6092940125111707
0.7744855967078188
0.24014109347442686
0.056179775280898875
-0.15930176948828306
-0.043319727891156415
0.19364864864864859
-0.08641475483580742
0.16059929869301887
-0.2642555438225977
-0.06202603282399542
-0.2600671140939597
0.23127221037668805
0.32733686067019413
0.3118329466357308
0.35699126092384525
0.34076222038111015
0.07776339632410034
0.34647887323943655
-0.05510553337136333
0.7225225225225225
0.016281062553556127
0.3407407407407408
0.17506678539625994
-0.1188771929824562
0.06504672897196254
-0.00015889830508472168
0.0848958333333333
0.23119777158774374
-0.11246719160104993
-0.44355400696864117
-0.22203098106712565
0.05218340611353707
0.08854125928822842
0.14033333333333342
-0.30233918128654974
-0.09100691775557271
0.04183881291824271
-0.006635071090047465
0.06395572666025029
0.05130699088145902
0.2075231112527893
-0.032879818594104306
-0.13807954295759176
0.157133676092545
0.16988906497622822
0.3449999999999999
0.00462093862815891
0.37925864223240313
1.0600760456273763
0.45786516853932585
0.11657787527420871
-0.09605546258666034
0.09602932193036044
-0.18815314230676622
0.006585788561525051
-0.1797752808988764
0.038973319824383686
0.015070242656449495
-0.06507105459985041
0.17460050462573584
0.4609893550407012
0.08124507486209606
-0.018976744186046595
-0.08143236074270549
0.25252525252525254
0.8535236396074934
-0.05803237858032381
0.11259568545581068
0.06166107382550336
0.03612180609030445
0.026203208556149764
0.30719782707107285
-0.0466266866566717
-0.11374335611237658
0.02876216968011129
0.06574042697390715
0.9415966386554623
0.20835509138381203
0.571252566735113
0.1283842794759826
0.2517392772711922
-0.021761252446183918
0.0991615853658536
0.056621004566210074
-0.006418422341989177
0.16042953020134237
0.24263488910956638
0.29959112149532713
0.05318642048838592
0.18068571428571417
0.02598831213475418
0.14476806903991374
0.3164594001463057
0.33301511535401745
-0.03760932944606407
0.2713483146067415
-0.13977498345466582
-0.3505650747356908
-0.21971326164874555
-0.054980842911877374
0.08022598870056505
0.012698412698412723
0.12580403889304417
0.027072023163228442
0.11079545454545454
0.49236453201970437
-0.09481406526688596
0.05816072908036458
-0.004412641621944002
0.26655142610198795
-0.10098013245033108
0.3036496350364963
0.26790123456790116
0.4196319018404909
0.17571367703451218
-0.03005595523581128
0.04640449438202242
-0.06389316897791479
0.6333117303953336
0.4684523809523809
1.9048387096774193
0.11848308848650502
0.011111111111111112
0.2588003933136677
-0.15315315315315314
-0.046996197718631144
0.17188465499485076
0.1495069033530571
0.09748283752860418
0.23969230769230762
0.12564330079858022
0.7957845433255268
0.3533190578158458
0.20813827871804105
0.06549137284321077
0.43993115318416526
0.10310804144055254
-0.07351555136663525
0.08767676767676767
0.3875432525951557
0.11941052631578944
0.1349999999999999
0.3144144144144145
-0.35441672285906944
0.5408284023668638
-0.00452616690240459
0.17178423236514515
-0.02669902912621359
-0.0817266187050359
0.01464788732394363
0.0850924269528921
0.005529685681024447
-0.04961832061068702
-0.13045685279187824
0.1416359616801769
1.4962264150943398
-0.009653725078698893
-0.07174048658764816
0.16320064987814792
0.05203497135966232
0.03806584362139918
0.04492500871991635
0.4138839018551765
0.1742574257425743
0.543231114435303
0.47517032551097654
0.5912198912198913
0.010041841004184164
-0.01522693997071739
0.03536036036036033
-0.02610966057441253
0.15396341463414634
1.1759186864738076
-0.27450980392156865
-0.11416837782340868
0.023390894819466213
-0.040673657451541154
0.2911436950146628
0.41671686746987957
0.30204081632653057
0.13041176470588237
-0.06022803487592217
0.3109223300970874
0.1110956036287509
0.1652502360717658
-0.04100382815823058
0.3063538611925708
-0.038201754385964876
0.3108771929824562
0.13325526932084303
-0.010146173688735988
0.07056277056277054
0.002321724709784411
0.09763779527559047
-0.028755807950438847
0.007214428857715476
-0.10163934426229505
-0.06015235093249278
-0.14065685164212915
0.44690147124386986
0.12915980230642504
0.08870116156282999
-0.016717019133937586
-0.04285714285714292
0.20074906367041206
0.18347578347578355
0.3067317073170731
0.4533582089552239
0.4912891986062718
0.20408633093525175
0.0211596385542168
0.027608008429926285
-0.042271746944644105
0.24319248826291084
0.12330383480825968
-0.1057971014492753
0.04531933508311457
0.060341085271317804
0.012515644555694618
1.2150375939849625
0.14656000000000002
0.21301573798383674
