-0.1052913596784997
-0.15955274671852215
-0.14337436640115858
0.024732824427480985
0.3345537757437072
0.2937967914438503
2.0615384615384618
0.3927419354838709
0.7444444444444446
-0.08111246943765284
0.05845659163987144
0.04516129032258064
-0.09621993127147767
0.03968957871396899
4.56
-0.0064837905236907354
-0.29939393939393943
-0.13276231263383298
-0.1766963673749143
-0.05993227990970657
0.09754028837998303
0.13625987708516246
0.14008207934336522
0.08492537313432832
-0.016790648246546178
0.15895196506550208
0.10371471025260023
0.23195121951219508
-0.025144508670520198
0.150415512465374
0.3808955223880598
0.10713336287106787
0.1434104865375531
0.5310704960835508
0.043719412724306614
0.09647696476964769
0.25243902439024396
0.8809523809523809
-0.22891008962127787
-0.2602320973676762
-0.058051068264721256
0.33942307692307705
-0.43664921465968587
-0.07939415287072916
-0.053615520282186906
0.32169312169312175
0.3701674277016743
0.23056133056133052
0.2
-0.03343077331916029
-0.007631578947368361
-0.07039381153305198
0.0037441497659906043
-0.2949117341640706
0.11118760757314979
-0.12028070175438603
0.2531114327062228
0.47656903765690367
-0.03910614525139665
-0.1905913978494623
-0.14344163658243086
-0.21277777777777773
0.375
0.6141176470588237
-0.06917229729729737
-0.15948051948051942
-0.21835748792270526
0.39292035398230096
0.1610208816705337
-0.049274193548387024
-0.036544850498338874
-0.10019971469329524
0.07324906047147253
-0.08692810457516348
-0.03687985654512854
-0.028149024246008226
-0.026498422712933754
-0.45673758865248226
0.10404624277456648
0.16749367088607603
0.5012269938650306
1.3143859649122809
0.2869182389937107
0.25932004689331767
-0.2017897091722595
-0.16000000000000006
-0.051386748844375996
-0.21841446453407506
-0.015199999999999918
0.023529411764705854
0.07691082802547763
0.6458536585365853
0.02352941176470582
-0.13862815884476537
-0.040160183066361585
1.6455445544554455
-0.23750000000000004
0.18649122807017535
0.12289156626506033
0.22605504587155972
0.47982456140350865
0.018914185639229343
-0.032768839966130434
0.0972665148063781
-0.029156010230179028
0.11359353970390301
-0.0926579925650558
-0.05325402379286208
0.42986247544204315
-0.4661290322580645
0.037281553398058255
0.29390039171796295
-0.07058430717863108
-0.16582964057114719
0.3284304932735426
0.3063047285464098
-0.06459246275197199
-0.12982178217821788
-0.05053128689492321
0.21429508196721309
0.4163583252190846
0.7359649122807018
0.011881188118811822
-0.13751696065128904
0.027597955706984745
0.01872766261615443
0.022660944206008532
-0.10404127257093723
-0.11576923076923075
-0.09429175475687103
-0.022142286171063185
-0.2704949412086409
-0.27712638154733304
-0.1383501006036218
-0.09984326018808784
-0.020000000000000042
0.03183098591549299
0.05683690280065898
-0.038817005545286505
0.04371621621621625
0.10025974025974031
-0.09191489361702121
-0.002309635510646009
-0.06907323845886845
-0.26985645933014357
0.01694915254237288
-0.06428571428571428
0.06280991735537193
-0.03314285714285721
0.11681233933161944
-0.1352555701179555
-0.14583598219961863
0.17889518413597727
-0.112549537648613
0.09041666666666662
0.04543209876543204
-0.0970380818053596
0.1294930875576037
0.1560732113144758
0.15189586870401817
0.17416879795396426
0.16590815059991726
0.030425963488843813
-0.06346639717028797
-0.03041237113402065
-0.08919931856899495
-0.14908517350157727
0.09237804878048785
-0.11334622823984523
-0.11453465346534646
-0.04845665961945028
0.3373493975903614
0.2675486381322957
-0.1437024513947591
0.3400520156046814
0.1460975609756097
0.0
0.1520231213872832
2.290196078431373
0.24843391902215436
0.28277474668745123
0.046453546453546456
-0.023770491803278657
0.07330827067669173
-0.025309229305423463
0.13167398731088345
0.10517482517482524
0.20655430711610479
0.4612935323383084
0.15625377643504526
0.0648842777334397
0.2428405122235156
0.0784313725490196
0.043413033286450964
-0.323679060665362
-0.4112244897959184
0.04934980494148251
0.05356314219423265
-0.16240208877284593
0.012716763005780281
-0.007492795389049057
0.04955223880597022
0.7472440944881891
0.09677661169415286
0.10397022332506198
0.31821946169772264
0.11126891015745603
-0.03750545137374618
0.12988260405549631
0.04117647058823532
0.0863344051446946
0.7863247863247863
-0.3689896128423041
-0.0013333333333332576
-0.01575673807878366
0.1417044051049814
-0.017730900798175547
-0.04776536312849168
0.33200442967884825
-0.028652081863090973
-0.06422018348623854
-0.07909654561558897
-0.012984178941625726
-0.035985473753714095
0.16870611835506524
-0.11406250000000002
0.03369140625
0.04149159663865546
0.02155251141552503
-0.12346999405822932
-0.023089983022071346
0.04303232998885179
-0.11744258224705155
-0.16709956709956714
-0.19146211312700104
0.0597628458498023
0.019712230215827405
-0.015622895622895653
-0.21203731567860365
-0.20235690235690235
0.061224489795918366
0.0040453074433656954
0.21065918653576443
0.1473684210526315
0.09633225458468173
0.25672422815279955
0.14533575317604358
0.13683397683397686
-0.14689265536723164
0.19110335804622758
-0.02867270578968105
-0.020724273933309494
0.054387568555758686
-0.023636363636363605
0.03306320907617506
0.7361344537815125
0.046839378238342014
0.07221297836938433
0.026291079812206547
0.06184134337000576
0.15925494761350403
-0.038774687625957205
0.1745454545454545
0.05323460639127042
0.16673189823874765
-0.06695278969957075
-0.15755432036382008
-0.019320937752627398
-0.0007077856420627356
-0.06540673788003279
-0.13510285335102848
0.03935052531041074
-0.021370388116914187
