-0.035751295336787565
0.02448801742919382
0.0543909348441926
0.35795454545454547
0.2681502086230876
0.3799886941775013
-0.30939490445859874
-0.1093567251461989
0.1339449541284404
0.2348401323042999
0.09010238907849821
0.36400000000000005
0.24646069612827526
0.17461103253182467
0.18252933507170796
0.260217654171705
0.4690426275331934
-0.05253641386238067
0.18473282442748082
0.34631379962192826
-0.18640256959314777
0.2927855711422846
-0.4200743494423792
0.34718250630782166
-0.5467248908296943
0.12539682539682534
0.2058319039451115
-0.30633608815427
0.027522935779816515
0.10632458233890217
-0.012100456621004592
0.3436144578313254
0.4392422192151555
-0.0267148014440433
-0.04520153550863726
-0.04408945686900962
0.044902386117136636
-0.1628356605800215
-0.22197125256673517
-0.11125827814569544
-0.19046822742474911
-0.027900146842878122
-0.08039702233250615
0.7008347245409015
-0.02907348242811509
-0.10617283950617289
0.013441194772868642
0.17158047365877235
-0.13779637377963733
0.7578260869565218
-0.102942942942943
0.27198480531813873
0.009129267357115528
-0.015664690939881456
0.7500848896434634
0.04517241379310353
0.09436936936936932
-0.31107266435986164
-0.4147749510763209
-0.03497975708502028
-0.02736842105263158
0.46681286549707596
0.36784140969163
-0.1697860962566845
0.24237102085620194
0.27080291970802917
0.023877068557919587
0.19473114399133884
0.2269472129937247
0.3610456176319836
0.03346495557749268
0.10323757409940724
0.3208737864077671
-0.07228915662650602
0.30707317073170737
0.48543342269883827
0.0459157351676699
0.16747967479674797
0.01939775910364149
-0.042825992150021724
-0.24003795066413663
-0.6253521126760563
-0.4002343292325718
-0.15717581910475306
0.08231046931407947
-0.04535073409461657
0.14899224806201553
0.09368421052631587
0.04642857142857137
0.02821410705352681
0.452639751552795
0.6194339622641508
0.08838709677419347
0.2185404339250492
0.35
0.10529865125240843
-0.012706611570247887
-0.1786422200198216
0.11699920191540296
0.3784582893347414
0.7108635097493038
-0.11027346637102738
0.27199607650809215
-0.02060682680151701
-0.0840855106888361
-0.11263537906137187
0.10802919708029206
0.8445682451253483
0.8966323024054982
0.05525291828793774
0.5450528338136408
0.1439770554493307
0.06073143701514595
0.12438923395445138
-0.08760960731986282
0.20045558086560364
-0.05933352993217335
0.08145454545454554
0.2612105711849958
-0.05679558011049717
0.21293103448275852
0.22707182320441985
0.284433962264151
0.07592156862745095
0.10834371108343711
0.03817753338570299
0.3994755244755245
0.1143299288146085
1.5527696793002916
0.4120730738681493
0.5042047531992686
0.1390837804374742
0.23892027620841175
0.05653104925053528
-0.008622147083685583
0.8274143302180686
0.594014313597918
0.7427710843373495
0.41353846153846147
0.0430769230769231
0.6776429809358753
0.3636617749825298
0.46583541147132157
0.03680387409200966
0.28959660297239914
-0.23058823529411765
0.6503401360544216
0.24952092788703992
0.24883388862446462
0.058823529411764705
0.20691144708423317
-0.11496746203904555
0.034482758620689655
0.40578616352201247
0.4605263157894737
0.38880114860014353
0.017802503477051396
0.4260700389105058
0.07791842475386776
0.572961373390558
-0.09750000000000002
0.20113250283125697
0.2683544303797469
0.5931956257594169
0.14246575342465762
-0.14553101997896947
0.15477194327328486
0.09293286219081272
0.12412451361867695
0.13247539742619227
0.17428571428571427
-0.0245126993502658
0.10933508024893553
-0.22901960784313727
0.24535031847133762
-0.012685560053981077
0.23036649214659685
0.16236933797909417
0.0673854447439353
0.3743589743589744
-0.09852216748768473
0.27812499999999996
0.32789473684210535
0.5220183486238532
0.36416758544652694
0.20717241379310342
0.4826007326007326
-0.003666841278156103
0.08358556461001158
-0.1676712328767123
-0.33781965006729475
-0.046468401486988845
-0.1717035611164581
-0.05551050497604125
-0.07277486910994758
-0.13229018492176386
0.14584203928123693
0.07559934318555002
-0.013290374546919049
0.10961677512653645
-0.20084388185654006
0.05020069574525018
-0.16380138814735715
-0.04627766599597585
0.08530734632683655
0.027855153203342618
-0.14738473459899268
-0.15337468077344038
-0.3012018234562785
0.17976190476190473
0.02887650882079843
0.23090909090909087
0.055919395465994996
0.17505809450038728
-0.009139126886984941
-0.23657534246575349
-0.04272763106030748
0.44525230602278887
0.00015220700152210461
0.7363470319634703
0.1381720430107527
0.7499334221038616
0.44926804644119134
0.14989583333333342
0.796495838808585
-0.06713147410358564
0.3055837563451776
0.5682445759368837
0.05776293823038401
0.05548098434004477
0.09742339832869087
0.0090373280943026
-0.20285474391267844
-0.010199411572409224
-0.10682926829268292
0.056856187290969896
0.37445193929173687
0.2385356454720617
0.48036253776435045
0.20948905109489044
0.17637795275590556
-0.07345309381237528
-0.041176470588235294
-0.028415300546448127
0.25700712589073643
-0.23655603655603655
-0.19760837070254117
-0.051713062098501024
0.041525423728813605
-0.0009408602150538245
0.006998939554613001
-0.02767857142857138
-0.022404933196300054
0.020967741935483824
0.16765578635014836
0.9111111111111111
0.16620498614958448
0.45091240875912414
0.45662551440329213
0.4181818181818182
0.2314091072068842
-0.20398818316100448
-0.075395256916996
-0.22692939244663382
0.10547945205479456
0.2316094032549729
0.45433715220949267
0.2810397553516819
0.3350114416475972
0.04169491525423726
-0.19734219269102993
0.1153374233128834
0.14146341463414633
-0.09435551811288964
0.02061538461538458
0.0415944540727903
0.17543859649122806
0.24059358544758253
0.6125792296440761
0.376824034334764
0.2339318885448916
-0.018529130850047842
-0.26115288220551375
0.23050847457627122
0.3965870307167235
0.22676056338028172
0.11229404309252221
