-0.024825839138695405
0.005919494869771113
0.19051918735891643
0.06566416040100248
-0.03847031963470325
0.10926538716082058
-0.6143344709897611
-0.07408695652173918
0.046321717705033405
0.06656649135987971
-0.1171875
0.10957781978575935
-0.07838137472283818
-0.013719185423365438
-0.007891637220259182
0.0934362934362934
0.15755627009646303
-0.10533642691415308
-0.16712630998345285
0.17553856845031265
0.23987408184679948
0.20477192982456138
0.16993118051879302
-0.10068098480880044
0.08498402555910538
0.11671624033313506
0.10003214400514299
0.08829541707879993
0.18505796479175612
0.24094488188976373
0.16550925925925927
0.011213114754098301
0.0638141116463587
-0.2953727506426735
-0.05268703898840885
-0.029944060546232314
0.04764681382757188
0.024504504504504476
0.12342215988779803
0.048888888888888954
-0.11294851794071765
-0.0699931647300069
-0.03387888707037651
-0.039620081411126246
-0.04680073126142596
0.00031809145129231884
-0.18618421052631576
-0.12450160771704175
-0.05878070973612367
-0.17891682785299806
0.26272251308900535
0.2591448931116389
-0.07089108910891091
0.13097880928355193
0.17069970845481053
0.037166849215042055
-0.025856353591160196
0.45300353356890455
0.040291262135922386
0.38393162393162394
0.19012846517917514
0.004195804195804196
-0.015227736233854582
-0.11780477586929192
-0.11102362204724404
0.022271223814773946
0.09436008676789588
-0.05626118067978541
0.02515262515262518
0.00771624144368394
0.0726892950391644
0.08614410134600155
0.041416405199462165
0.10936708860759493
-0.014155495978552328
0.02664233576642333
0.07165383204987169
-0.04406583886803347
0.2605924596050269
0.46862170087976546
0.22506426735218513
0.2745263157894736
-0.011011904761904728
-0.034817813765182164
0.3787387387387387
-0.02649484536082479
0.09492172584956086
0.1901877649909146
0.23373493975903623
0.23945497630331744
0.3386165211551377
0.1514506769825918
0.1612382234185733
0.04847161572052402
0.07586750788643537
0.3125
0.2919540229885058
0.13384030418250947
0.0562747688243065
0.02145862552594664
0.07945205479452047
0.14280639431616338
0.13644859813084115
-0.008263198163733707
-0.16842105263157903
0.06245407788390889
-0.22676767676767678
0.2139049826187716
0.16378084483479713
-0.2535714285714286
0.0009917355371901202
0.026083734716561724
0.04366972477064212
-0.06514959966287397
-0.03683640303358613
-0.04809027777777786
0.06297029702970303
0.21733821733821734
0.11170212765957446
0.22332268370607022
0.05916398713826359
0.011964930376482746
0.1933534743202417
0.01007780659503513
-0.06064257028112448
0.2764172335600906
0.4006141248720574
-0.050505050505050504
0.18320382546323968
0.2629557291666667
0.25523809523809526
0.3571008814887364
0.26296577946768057
0.10559210526315797
0.12979041916167672
0.22301433552886474
0.24803105934553513
0.32120000000000004
0.15609065155807372
0.46445229681978784
0.48642473118279583
0.41590413943355115
0.3528152629129827
-0.011866235167206042
-0.12815884476534295
-0.004507042253521191
0.09396751740139211
0.17260273972602744
-0.07699530516431928
0.10361173814898415
-0.007097591888466442
0.046846846846846875
0.08928571428571429
-0.020054945054945088
-0.07730900798175594
-0.0751888436955259
0.04122562674094704
0.06293018682399214
0.30631016042780757
0.3574036511156188
-0.1453237410071943
-0.06948738812042318
0.22351500306184935
-0.018515797207935374
-0.013333333333333334
-0.10638670166229224
-0.06459991621281937
-0.04479822288041466
0.06332344213649854
0.10181124880838897
0.09645625692137323
0.02952380952380947
-0.05580884372425153
0.2480891719745222
-0.029301533219761578
0.0342305441778818
-0.04593386952636277
-0.07355021216407355
0.0951202749140894
0.245593419506463
0.41052631578947374
0.2284626038781164
-0.059866220735785874
0.2406559877955759
0.5464462809917355
0.408695652173913
0.45475751995089025
0.5804020100502513
-0.08569030633655049
-0.16064690026954184
-0.08193908193908193
0.0525294525294525
-0.09272727272727276
0.06697782963827302
-0.11896955503512884
-0.3395498392282958
0.12059925093632962
0.027079646017699036
-0.16959314775160597
0.13375186846038867
0.2604159563586772
0.23763756419662516
-0.5165957446808511
0.09836812144212517
0.0702416918429003
0.1858064516129033
0.04997295835586808
0.08794093519278101
0.10533515731874145
0.0715762273901808
0.10794886047804338
0.10256410256410256
-0.03112033195020747
-0.08656237464901732
0.08768161718256472
0.2549607423269094
-0.39917355371900826
0.23522935779816523
-0.09163911195087387
0.2676180021953896
-0.0801724137931035
0.008660035108250412
0.03169332930878358
0.19322033898305094
0.2582222222222223
0.3797010228166797
0.16401673640167358
-0.12435597189695556
-0.0860330896498653
-0.049652777777777816
-0.009166666666666698
-0.010397111913357467
-0.11286307053941903
0.04271844660194171
-0.01270772238514174
0.0090625
0.12155844155844164
0.22315249893208033
0.2471861471861473
0.09550647372429558
0.18541944074567243
0.08888888888888895
-0.09036664270309133
0.381708137188971
0.03202011735121546
-0.1303064699205448
-0.044062500000000074
0.24557752341311134
-0.1571969696969697
-0.21200857755539665
0.23043478260869574
0.055761482675261924
0.2477007549759781
0.23325415676959632
0.21709103592605514
0.07634660421545673
-0.015038363171355545
-0.007920792079207921
0.19916839916839907
0.15425867507886434
0.20359066427289044
0.3893805309734513
0.015234556432884431
-0.10588235294117652
-0.01253561253561247
0.5469039145907474
0.029554655870445343
0.10763358778625957
0.07667731629392971
0.1482889733840304
0.15746367239101725
0.23163097199341026
0.0928571428571429
0.07851275399913528
-0.03678646934460883
0.04186046511627911
0.00065359477124183
0.0
-0.23317073170731714
-0.02439999999999994
0.04210526315789482
0.3661458333333334
0.3533258173618941
-0.09599007854485317
0.3986274509803921
0.26818980667838316
0.19278629395852115
0.13952065272819986
0.14308123249299726
0.33797909407665505
-0.34099616858237547
0.41751313485113833
0.29465648854961835
0.19842519685039375
