-0.06973684210526312
-0.08426395939086291
-0.011363636363636364
-0.04444444444444442
0.018477157360406136
0.010448859455482006
-0.08021534320323018
0.09253012048192766
-0.009015777610818933
0.0946130030959752
-0.013505747126436748
-0.03622183708838818
0.08368055555555563
0.06798029556650252
0.08155038759689925
-0.014990859232175587
0.08881469115191994
-0.4644808743169399
-0.10070257611241218
0.17568238213399506
0.04756554307116101
0.05306553911205079
0.17276995305164325
0.040382941688424795
0.13274336283185842
0.18199889563776914
-0.037177280550774565
0.06194029850746277
-0.016615384615384546
0.07834394904458605
0.07717842323651462
0.056635802469135875
0.12385008517887572
-0.054257425742574215
-0.22083333333333333
-0.06785714285714281
-0.07379679144385033
-0.07697160883280763
0.041589648798521256
-0.07446153846153843
-0.0701570680628273
-0.09515219842164598
-0.11904761904761904
-0.1008174386920981
-0.06256239600665561
-0.25340909090909086
0.18473736372646193
0.06347826086956519
0.1321299638989169
0.1625615763546798
0.11124260355029582
0.06796116504854369
0.18158871566443943
0.2564102564102564
0.2395793499043976
0.2133333333333333
0.08534704370179946
0.12925619834710753
0.243956043956044
0.22857142857142854
0.32432432432432434
0.14776119402985072
0.0889804325437694
0.269022869022869
0.31724137931034474
0.03398328690807796
0.10262045646661039
0.4046070460704606
0.2338156892612338
-0.08449197860962573
0.21659574468085097
0.17176470588235287
0.07811704834605596
-0.22272727272727266
-0.10461538461538457
0.028604651162790724
0.2533807829181494
-0.03497267759562838
0.10331753554502375
0.14135021097046413
0.01621621621621616
0.034851485148514896
0.16249999999999995
0.10827338129496411
0.06059654631083206
-0.0012658227848100546
0.019973368841544607
-0.10588235294117643
0.06498194945848375
-0.2680851063829787
0.06404371584699456
-0.025244177310292944
0.0206802721088436
0.10790020790020785
0.14364261168384884
-0.022466614296936298
-0.01161022805805111
-0.07517730496453896
0.255359246171967
0.27195530726256995
0.22055800293685762
0.29196675900277
0.1595054095826894
0.31069609507640067
0.401038961038961
0.17388114453411593
0.005894736842105287
0.006097560975609756
0.15631067961165043
-0.05263157894736842
0.01956745623069001
0.10139720558882226
0.08249221183800629
0.013888888888888888
0.11014492753623188
-0.10404941660947145
-0.040634291377601585
-0.1375
-0.01847176079734216
-0.09130890052356026
-0.059813084112149556
-0.008506944444444406
-0.06899724011039558
-0.04702380952380956
-0.0620192307692308
-0.08985507246376817
-0.058433734939759084
-0.004469273743016759
-0.007102272727272727
0.24781395348837218
0.18192488262910797
-0.43212435233160623
0.0998921251348436
0.03618090452261301
0.15321782178217816
0.09946808510638291
0.2504029304029304
0.3399348534201956
0.17309594460929772
0.2578687367678194
0.1065891472868217
0.17180451127819546
0.26805349182763744
0.07245053272450536
0.15752380952380962
0.18120996441281131
0.12608125819135
0.2674772036474164
0.08444948921679907
0.0971098265895953
-0.034838709677419394
0.17763845350052246
0.044897959183673466
0.21068702290076338
0.17815950920245405
0.15265200517464425
0.014149139579349861
0.1495166487647691
0.10017636684303356
-0.12028985507246373
0.13908948194662485
0.38455284552845537
-0.04266304347826084
0.005220883534136592
-0.06520210896309318
-0.042343268242548866
0.06207442596991298
-0.037815126050420166
-0.45472636815920403
-0.037307692307692264
0.1309644670050762
0.001013513513513552
0.07684210526315789
0.04506699147381242
0.2286266924564798
0.006403013182674157
0.26643109540636034
0.02398119122257046
-0.06037277147487844
0.1210859728506787
-0.11799999999999997
-0.06779324055666008
-0.08337236533957851
-0.10410729253981563
-0.09203883495145626
-0.06786090621707058
-0.15269804822043628
0.03029432878679113
-0.010554089709762533
-0.3241758241758242
-0.10088079859072223
-0.0015604681404421917
-0.41973684210526313
0.14694560669456058
0.11482558139534883
0.09346049046321529
-0.013888888888888888
0.1622021364009861
0.04534883720930233
0.2192307692307692
0.064922711058264
0.011059190031152683
-0.10879785090664876
0.1321290322580645
0.09063829787234047
-0.01830708661417325
0.07881619937694707
0.18012738853503182
0.1226215644820296
0.06430611079383204
0.23190751445086694
0.18516129032258058
0.1889387144992526
0.14513124470787475
-0.030060728744939317
0.06157517899761344
0.08923076923076928
0.15431861804222644
0.11717391304347821
-0.293491124260355
0.05023474178403751
0.20816326530612234
0.05874285714285712
0.10242634315424615
0.0420363636363636
0.08761904761904757
-0.19854014598540148
0.0022123893805309734
0.08539325842696636
0.018238021638330687
-0.004819277108433689
0.049475890985325
0.06020477815699662
-0.023999999999999962
0.2605418138987044
-0.04155844155844156
0.060055096418732815
0.07207392197125262
0.3027906976744187
0.1787728026533996
0.0
0.24701195219123506
0.11538461538461539
0.01080332409972293
0.11674876847290634
-0.05491606714628292
-0.0023605150214592763
0.09226441631504925
0.06280991735537193
0.1393939393939394
-0.06450939457202501
0.0752860411899313
0.0798605056669572
0.09235505387378143
0.032495344506517775
0.06911404796867343
