-0.07561959654178681
0.04161536567347944
0.6098130841121495
0.443359375
0.48051118210862614
0.14934210526315783
0.4540039062500001
0.36376811594202896
0.08740359897172237
-0.01299435028248594
0.011521603005635529
0.013257575757575758
0.05384454221663524
0.031207400194741924
0.006479750778816162
0.018586142322097293
-0.40708782742681043
-0.16417281348788193
-0.26727969348659003
0.05644661054497124
0.089211935730681
0.0856705450091856
0.09199023740847578
0.26582984658298475
0.07022287175739854
0.13755339805825237
0.1204946996466432
0.6576470588235295
0.7553113553113553
-0.024200913242009073
-0.08589611989324566
-0.1398341887090406
-0.1442595323362124
-0.05970819304152643
-0.12520398912058026
-0.08576947842884743
-0.10449172576832148
-0.11681415929203542
0.04555873925501426
-0.15518945634266884
0.07548195748887782
0.041131246567819926
-0.095978730475241
0.05679340600904013
-0.034050179211469536
0.01289147851420251
0.16628318584070806
-0.02487333026255182
-0.164516129032258
0.2041958041958041
-0.1239857651245552
0.1353887399463807
0.06831979478409585
0.06751398068124057
-0.012846270928462654
0.033308696723330825
0.23845036319612595
-0.0001405152224825208
0.023265927375516415
0.040594672723518556
-0.0016666666666666668
0.007790008467400546
0.18843930635838146
0.3752321981424148
0.8997566909975668
0.5428051001821493
0.29259896729776247
0.055356253114100605
0.06242774566473988
0.01888941623160901
0.16556291390728478
0.062285914016078234
0.10319345473739773
0.03864607295432136
0.10056014937316618
0.9486666666666668
2.6911392405063292
0.025914315569487936
-0.024108003857280617
1.8976
0.9587939698492463
0.9051597051597051
0.2538947368421053
0.1639860139860139
0.10614136732329087
0.64472049689441
-0.027035330261136747
-0.055891238670694864
0.15691783737760745
0.09781063406312197
0.22085561497326212
0.22828282828282823
-0.023739495798319327
-0.05760303173851251
0.057544554455445616
-0.07725210628645504
-0.12345403899721444
-0.12131291028446392
-0.022743307740195135
-0.0520580632332472
-0.05653570546083523
-0.053906093906093945
-0.15454022988505753
-0.12060104529616729
-0.30705754614549396
-0.14766133806986387
-0.27365439093484417
0.648235294117647
0.033876221498371384
-0.04354371742906778
0.30459587955626
0.1552540813980225
0.20074565037282516
0.05822981366459627
0.03504148365056134
0.04624685138539052
-0.021172807472755555
0.14103773584905668
0.03809523809523801
0.07252601284038086
-0.03442696629213479
0.3015463917525773
0.5769999999999998
1.0920353982300885
0.1842956120092379
0.07885532591414948
0.07973602484472053
-0.024712254570074477
-0.007154781779155735
0.04373047746541722
-0.15932521087160262
0.3273809523809524
0.23622250970245798
0.07588325652841778
-0.1587345254470426
0.41160949868073876
0.8721649484536083
0.2997679814385152
-0.1314009661835749
-0.2187134502923977
-0.29594155844155845
-0.26655592469545963
-0.41898238747553823
-0.8213903743315508
-0.7093959731543624
-0.7445595854922279
-0.5889713679745493
-0.35272292040694203
-0.07185833968012179
0.033723767691556814
-0.006907566380515146
-0.17123381049761421
-0.12761621736361703
-0.156261453879047
-0.0495307850766765
0.6309248554913294
0.6096551724137932
0.12080433101314775
-0.027962899347303363
-0.07256637168141589
-0.0696205308181618
0.6460481099656358
-0.028202764976958443
0.5328903654485049
0.34729950900163675
0.039796954314720856
0.7096491228070176
0.2006172839506173
0.836939313984169
0.5947643979057593
0.3717391304347827
0.00040322580645158997
0.7042168674698793
-0.015562760537285739
-0.023899371069182433
-0.0841648590021692
-0.0688860435339308
0.054818401937045916
0.03299938662850126
0.027441860465116232
0.04123633622314365
0.20165148063781316
0.09056454796683777
-0.1421221864951768
-0.020025673940949965
0.4431372549019608
0.5083197389885807
-0.13172205438066473
-0.0060606060606061465
0.4604105571847507
0.009627059843885438
-0.02446340832686835
-0.07895316804407711
0.07133400200601812
0.09348894348894356
0.003297872340425556
0.558641975308642
0.03238312428734319
0.5492447129909366
0.0634361233480176
0.8555555555555554
0.5975786924939466
0.22389705882352934
0.048096446700507584
0.18713389121338922
0.46883468834688347
0.1516363636363636
0.3658161865569272
0.13256503128086924
0.43483355525965384
0.20058105752469485
0.34919354838709676
0.12714444857036766
0.15211726384364818
0.3796271278032964
0.22380671773718336
0.0604444444444444
0.15228167709057208
0.12077603143418472
0.1899576868829336
0.07864115579851624
0.140928270042194
-0.12128017967434025
0.10499999999999997
0.7396825396825397
0.03943661971830988
0.015586854460093811
0.8997481108312344
0.38328611898017
0.17450110864745022
0.19517279210093263
0.3800000000000001
1.3904191616766466
1.575483870967742
0.19792654028436013
0.1694867456288776
0.15494011976047903
0.2317002881844381
0.14533404029692465
