-0.022934472934472965
0.03717472118959108
0.0832997987927565
0.15957943925233647
0.08642551536367166
0.2292150170648464
0.04826932195353257
-0.03789954337899549
0.437215909090909
0.26910246227164414
0.10211764705882348
0.19158878504672897
-0.0059913283405596445
-0.0018833755885548054
-0.043035019455252885
-0.211311434922203
-0.0778761061946902
-0.13482977927422377
0.2165822784810127
-0.027234042553191513
0.24755372656607227
0.1454263565891472
-0.060445082555635354
0.03541315345699832
-0.19914015477214103
-0.03625914315569493
0.3326451612903225
0.5452012383900929
-0.12865761689291094
-0.027151854443666867
0.15531400966183578
0.4366027397260275
0.5197802197802199
-0.3678391959798995
-0.07375352775164626
0.44358655043586553
0.0017094017094017337
0.36570327552986504
0.08524984948826003
0.25
-0.33974358974358976
-0.045538461538461576
-0.2671188026192703
0.17335640138408312
-0.054249547920433995
0.2652962515114874
0.1858283433133733
0.13251028806584358
0.14294960702727685
0.20434782608695656
0.335063009636768
0.20731986275257347
0.19432485322896273
0.8368036015756893
0.4251928020565552
0.5660586835844568
0.6914666666666666
0.13718470301057764
0.090701947813304
0.11476274165202101
0.19381443298969075
0.028867046042421084
0.5155335805521218
0.009501557632398789
-0.11730515191545568
0.14828571428571422
0.2315677966101694
0.25625759416767935
0.1006644518272425
-0.008347529812606435
0.12932911837021419
-0.05571490656236411
0.09762087490406757
0.18734177215189873
-0.0315328467153285
0.2007042253521127
0.1927805978567401
0.24559386973180086
0.05603985056039851
-0.21219512195121948
0.1978319783197832
0.2885746185336807
0.29885987495402716
0.032588176850471884
0.05350488021295471
0.21057728119180635
-0.11472868217054268
0.02623178348369185
0.02222222222222214
0.09108734402852053
0.12530689329556188
0.05900053734551314
0.026133333333333363
0.20538613861386135
0.0062015503875968575
0.07775929007210208
0.11351888667992052
0.23570265870862728
0.1638743455497383
0.2330672748004562
0.1293687099725527
0.08832983927323557
0.2002610966057441
0.033707865168539325
-0.22328519855595666
-0.18613138686131386
0.2949227373068433
-0.008273381294964029
0.3184888888888888
0.24234375000000002
-0.13099641181341426
0.43060765191297823
0.4327394209354119
0.1942857142857143
0.23044496487119442
-0.06550868486352361
0.2217948717948717
-0.11570512820512828
-0.08153846153846148
-0.1263157894736842
0.056344086021505355
0.23449575871819034
0.39086538461538467
0.4567726737338044
-0.13974468085106387
-0.2343873517786561
-0.33902439024390246
-0.23408718452966235
0.05441389290882782
-0.004203821656050898
0.24007707129094416
0.17417582417582417
0.13073463268365823
0.01363211951447237
0.03468208092485549
0.020522505508341147
-0.17909821740650125
-0.13857923497267755
-0.21427604871447906
-0.1545716342692585
0.4478793590951933
0.264502617801047
0.1911630929174789
0.10430107526881724
0.2228819695872556
0.002153261557948126
0.36838709677419346
0.09656121045392028
0.5324118207816969
0.6626946513202439
0.21309285237140949
-0.2738028169014084
0.14305084745762708
0.09118505545826039
0.28035842293906804
-0.17196836555360284
-0.07261538461538454
0.0375
0.12874272010962665
0.02834645669291332
0.3936139332365748
0.2450742240215925
0.44879594423320646
0.42997858672376865
0.33586538461538457
0.3760557248585112
0.32553699284009546
0.3147194719471947
0.27674169346195077
0.2658493870402801
0.26496815286624203
0.20000000000000004
0.07705510388437213
-0.2266209476309227
-0.2697482459760627
-0.28133524766690593
0.6287944492627927
0.42814569536423847
0.4321640582838641
0.9317185697808534
-0.3826254826254826
0.2898052691867125
0.22749675745784692
0.23500000000000004
0.10852272727272727
0.20414847161572053
0.26688481675392667
0.56242774566474
0.4435946462715105
0.24220018034265095
0.19756809338521392
0.3891737891737891
0.06732026143790858
0.1633251833740831
-0.06980231765507845
-0.08657718120805366
-0.01725067385444738
-0.07493438320209976
0.0799312714776632
0.11653477717617666
0.19901639344262292
-0.27471074380165283
-0.36603773584905663
0.05185604987248512
0.043763518385003634
-0.14780058651026387
0.11001540832049297
0.014792678371311135
-0.07568578553615966
0.2930000000000001
0.18352159468438542
-0.11287999999999992
0.23526448362720406
0.13614262560777957
0.2508733624454148
0.2957393483709273
-0.056544502617801105
-0.1494693396226415
-0.3376281112737921
0.012829324169530407
0.09885931558935361
0.005233453052847638
-0.12804097311139565
-0.052662229617304455
0.042990033222591394
-0.13193668528864064
-0.276931216931217
-0.24163090128755363
-0.11778575089697589
0.4720472440944881
0.44660691421254795
0.23941841680129236
-0.0008926080892607582
0.1338374291115313
0.39522807017543865
0.2185042405551273
0.13080859774820874
0.10391849529780557
-0.14679334916864611
-0.3411371237458194
0.017043478260869487
0.04824526018555866
-0.14085365853658532
0.11277777777777784
0.023610375860243466
0.2971976401179941
0.23336291038154391
-0.03941908713692946
0.027752639517345367
0.03337320574162677
0.4955056179775282
0.19811158798283257
-0.00793933987511159
-0.33403863845446186
-0.2538422391857506
0.06687435098650062
0.2246683046683046
0.1706441393875395
0.41812865497076024
0.12427714129841799
0.45694444444444454
-0.3019607843137255
-0.05959567986707278
0.13014449427005473
-0.06034327009936762
0.1945584299732381
0.08560157790927017
0.0071752577319588
0.16178812002449483
-0.06647847565278761
-0.07011019283746553
-0.05055432372505546
0.028615863141524072
0.14740608228980318
0.18887733887733893
0.2172312839815977
0.25255579553635704
-0.0431322207958922
0.17140740740740748
0.14871794871794872
0.056792452830188724
0.5494505494505495
0.16993464052287582
0.4305364511691884
0.04671532846715332
