0.40710973724884075
0.40834492350486795
0.11764011799410035
0.25143394452280216
0.35675934803451576
0.24034682080924866
0.49242424242424243
0.22398800599700147
0.33845018450184494
-0.13644067796610174
0.023569482288828277
0.31335689045936405
0.2488869863013699
0.19932165065008475
0.06740654205607483
-0.16505636070853463
-0.10857908847184987
0.22144638403990027
-0.13370558375634523
-0.0025806451612903594
0.0563564875491481
0.0027928626842512873
0.10625954198473286
0.02859830667920987
0.0757952973720608
0.33929313929313937
-0.12713881019830034
0.16676923076923073
0.03633333333333326
-0.09193020719738272
-0.11091901728844401
-0.06751054852320675
-0.03421487603305793
0.6232227488151659
0.41698461538461534
0.44545454545454544
0.29702743902439027
0.12376963350785346
0.01951219512195115
0.18672032193158944
0.12603129445234712
0.3745247148288973
0.3615819209039548
0.31641168289290683
0.1806818181818182
0.40818713450292404
0.12967032967032963
0.287354538401862
0.2885007278020379
0.013232733604178731
0.25256673511293637
-0.06794354838709675
0.00636604774535803
0.08211777417612101
0.34763636363636374
0.2553846153846154
0.21354231974921625
0.40194528875379926
0.3478667445938047
0.07651715039577836
0.006289308176100629
-0.0434579439252337
0.09777777777777781
-0.27261904761904765
0.2692105263157895
-0.042021276595744714
0.029506437768240343
0.032055378061767864
-0.2639583333333333
-0.0010221465076661375
-0.32972350230414754
0.2674540682414698
0.2874828060522696
0.14266441821247897
-0.06747211895910783
-0.013702623906705562
-0.220863309352518
0.040225179119754303
-0.035897435897435895
-0.0322772277227723
0.032188841201716736
0.1414583333333333
0.011956521739130435
-0.06499552372426133
0.010404624277456713
0.6010178117048347
0.07355623100303949
0.03368055555555552
0.08138385502471165
-0.0709897610921502
-0.08080808080808081
-0.11068493150684926
0.05175695461200589
-0.034249999999999926
-0.08998109640831763
0.03212321232123217
-0.15789473684210525
0.013082706766917362
0.2754491017964072
-0.06638655462184878
0.1085383502170767
0.004084507042253489
-0.16030075187969928
-0.05627791563275439
-0.08571428571428574
-0.012776412776412777
0.24794326241134745
-0.21872340425531916
-0.046526508226691125
0.11523569023569032
0.03634069400630909
0.07040816326530618
0.023915343915343938
0.17308347529812618
-0.04759461193072485
-0.017587939698492462
-0.11545955103769585
0.018858560794044667
-0.15066469719350073
0.12053771471247206
0.07910863509749297
0.1699785561115082
0.1427004797806717
0.20111265646731574
0.22818387339864352
0.33075356415478613
0.4093457943925234
0.11973969631236453
-0.04450704225352116
0.5425790754257908
0.15141104294478525
0.7333333333333334
1.2740740740740741
0.3458265139116202
-0.2659957627118644
-0.31046478471628175
-0.30905065042900637
-0.22493966210780372
-0.2057450628366248
-0.18149100257069406
-0.24979999999999997
-0.26577181208053685
0.04551811824539091
0.16695652173913048
0.7672413793103449
0.1564207650273224
0.34305283757338545
0.008655221745350435
-0.5528533333333333
0.16177215189873412
0.07246937459703423
0.12235550708833157
-0.13370651739304282
0.0011865035224322648
0.403883495145631
0.07982456140350873
-0.12119402985074622
0.12557775166470814
0.009686296092460049
-0.11092851273623665
-0.34445768772348034
-0.26302601991647934
-0.031066330814441646
-0.14611447184737086
-0.17880794701986755
0.0668360864040661
-0.06887783305693748
-0.06678507992895208
0.07243401759530789
0.2654411764705882
0.17275862068965525
0.08383604021655072
0.06811862835959222
0.13125
0.3008174386920981
0.1536332179930795
0.013415168785620301
0.06486062033765207
0.08747152619589978
0.49230769230769245
-0.07693631669535292
-0.1552475247524752
-0.08769841269841268
0.7524344569288388
0.6596137699412258
0.23529411764705882
0.3279826464208244
0.04688763136620857
0.09789029535864974
-0.08068459657701711
0.35958005249343833
-0.019192587690271344
0.5578811369509044
0.3978021978021979
0.37644670050761414
-0.12073732718894004
0.27322594688724416
0.0499651081646894
0.236416861826698
0.18263157894736837
0.023690205011389468
-0.13902077151335318
0.15439900867410164
0.14647887323943656
-0.0782122905027933
-0.23378016085790881
0.07754010695187166
0.019490131578947405
-0.3972477064220184
0.22590163934426222
-0.10412926391382406
-0.006276747503566247
0.016998950682056712
0.04859632139399811
-0.007525172231054608
0.09731182795698921
-0.0009182736455463728
0.01978851963746227
0.123334977799704
-0.29480122324159025
0.09190779794016679
-0.2550732969244036
0.17232772653282685
0.20089686098654713
0.1460470730235365
-0.00714285714285722
0.290359168241966
0.25111402359108786
0.09706180344478212
0.5692745376955904
1.0154929577464789
-0.13319148936170216
-0.22495344506517692
-0.06312925170068025
-0.073054587688734
0.324057355284121
0.050880281690140805
0.11275167785234899
0.13790267306374232
0.01564625850340144
0.07761904761904767
-0.1827207275483137
0.08069395017793599
-0.07679738562091504
0.08954635108481263
0.02894593118514473
0.24758100310696857
0.20712770470937625
-0.03865248226950346
-0.13648170011806382
0.015831663326653263
0.17097078228086718
0.36759259259259247
