-0.1441025641025641
-0.0015390252839867417
-0.3315107913669064
0.15171673819742482
0.4535714285714286
0.16372315035799528
-0.004270462633451917
0.14503990877993164
0.1090668431502316
0.03773740710156899
-0.19612188365650973
1.0320987654320988
0.022955974842767273
0.14457831325301204
0.21863979848866502
0.13504098360655734
0.11802247191011232
0.19238578680203047
-0.171201588877855
0.35846153846153844
0.4502066115702479
0.035761589403973545
-0.48468033775633296
-0.020114942528735632
-0.034204275534441754
0.06660730186999106
1.2800000000000002
1.3429141716566866
0.948427672955975
0.23578947368421058
-0.027814569536423767
0.10536340852130317
1.0646153846153845
0.0657439446366782
0.017427733556765777
-0.12885969028625055
-0.09964747356051698
0.23535676251331203
-0.33218673218673217
-0.38260869565217387
0.03945945945945952
0.22929104477611936
0.2659038901601832
0.44362934362934353
-0.3055319148936171
-0.05496760259179263
-0.021719136894234204
0.2902017291066282
0.15815450643776835
0.10769230769230773
0.6136654804270462
0.12201342281879192
-0.08732394366197176
-0.218568665377176
0.10037593984962402
-0.011659192825112082
-0.1912524850894632
-0.23707533234859676
0.21410404624277463
0.15235494880546077
0.6383084577114428
0.10591073582629669
-0.08821256038647339
-0.12150026413100898
0.8626334519572952
0.5801492537313434
0.32501823486506193
0.3927835051546392
0.14113785557986872
0.5316363636363636
1.3971014492753624
0.7877192982456139
0.03289377289377296
-0.1489655172413793
-0.12701234567901237
-0.19368947203998751
-0.11159420289855068
-0.5267387944358578
0.13587786259541992
0.321353065539112
0.28323471400394484
0.6295694557270511
0.016899892357373568
0.14117136659436014
0.009207161125319692
0.28192771084337354
0.5205882352941177
1.3834008097165993
0.7960183767228177
0.26860398860398865
0.856443298969072
-0.08092417061611369
0.11713780918727908
0.13563096500530233
0.24229717411121235
0.21125131440588862
0.011648079306071797
0.3981191222570533
0.32123479887745565
0.11434392828035857
0.399007717750827
1.4534740545294633
1.6170731707317072
0.20046538685282136
0.6404933196300103
-0.0637268847795163
0.05674690007293943
-0.10235690235690233
-0.17687074829931973
-0.052968036529680296
-0.16972343522561867
0.0028776978417265914
0.09354497354497364
0.0800405268490375
0.10959803117309262
-0.24864104967197748
-0.3224027572624323
0.27840455840455836
0.35361653272101035
-0.20713463751438435
-0.08980405181002991
0.48261617900172105
0.16980645161290325
0.024870466321243484
0.17372262773722622
0.12470402525651145
0.05902232951116473
0.02800234329232569
-0.05745062836624776
-0.14531343283582096
0.28366336633663364
0.05721561969439736
0.2001047668936616
0.16193961573650503
0.31918128654970773
0.1673997412677878
0.174763948497854
0.20588901472253676
0.02553648068669523
0.32737662337662327
-0.009813874788494001
0.3858117326057298
0.2762865792129162
0.40984780662488807
0.13718140929535233
0.3268946395563771
-0.022712090848363394
0.35277161862527723
0.55
1.6736842105263157
0.45273069679849337
0.5110204081632654
0.3499205929062996
0.22214452214452204
0.5930936613055819
0.3620689655172414
0.004257332071901609
-0.24869976359338059
-0.2287606433301797
0.5242857142857144
0.06869350862777314
0.1504424778761062
0.2848056537102474
-0.43672922252010726
-0.504147465437788
-0.2474178403755868
-0.10835838845460015
-0.20264200792602374
-0.20718232044198895
-0.26591760299625467
0.010920546027301302
-0.048204158790170135
-0.1343057176196033
0.004039167686658451
0.3959420289855073
-0.11118942731277537
0.025734473782075055
0.04310197086546697
0.19721964782205742
-0.19525521207764193
-0.01171875
0.3761851015801354
0.4163812360387193
0.2739603326935381
0.25238095238095243
0.08130623125624792
-0.05753943217665618
0.3181176470588236
0.20101180438448574
0.37933884297520665
-0.002531645569620289
0.4357142857142856
0.3699604743083003
0.4624678663239074
-0.149519890260631
0.4917369308600338
0.914102564102564
1.3757225433526012
0.29449404761904757
0.46199898528665645
-0.2676691729323308
-0.3183279742765273
-0.6662251655629139
0.39513074842200185
0.1828571428571428
0.18493408662900196
-0.08526727509778355
0.11817237798546205
-0.15142658315935972
0.11405492730210019
0.31480637813211854
0.08689655172413796
0.34904013961605584
0.10966494845360827
0.21977186311787075
0.14449472096530913
0.6335532516493874
0.6288888888888888
-0.014391014391014392
0.1601873536299766
0.8828169014084506
0.8780748663101603
0.41263940520446096
0.6568055555555556
0.7374345549738222
0.73519882179676
0.30060120240480964
0.02843750000000007
0.6893581081081082
0.6601640838650866
-0.01688963210702345
0.804731182795699
0.024999999999999974
0.02529411764705889
0.6149450549450548
0.04483362521891422
0.19900435594275043
0.9225114854517612
0.8632911392405062
0.435817575083426
0.6469879518072288
1.2516542155816437
0.4322274881516588
0.7436111111111112
0.7233128834355826
0.19752212389380536
-0.068065268065268
-0.14002828854314003
0.05879518072289151
0.07960687960687955
0.09216828478964408
0.057490636704119934
0.20684133915574968
0.34915254237288135
0.9711711711711712
