-0.05880077369439071
0.21405895691609972
0.21691896705253777
0.1595744680851064
0.22762148337595908
1.51072319201995
0.24625850340136046
0.7629629629629631
0.8448828606658447
0.25909528392685277
0.13053053053053063
-0.15163043478260874
-0.19129244249726174
-0.22357813362782997
-0.1786996904024767
-0.05950752393980848
0.13409090909090907
-0.01978609625668443
-0.3222499999999999
-0.11561828781834925
-0.034303350970017715
-0.043358778625954164
-0.05070542967079945
-0.04920477137176938
0.5072515666965084
0.16467889908256883
-0.04701123595505614
0.0025401069518716274
0.3474414570685168
0.06124401913875604
-0.4872664359861592
-0.47634408602150535
-0.55824
0.4337552742616033
-0.09721115537848608
0.7970085470085471
0.054577672770230415
0.38899999999999996
0.06843100189035925
0.27968127490039835
0.4362204724409449
0.14136253041362537
0.2912476722532588
-0.3253638897491483
-0.295261721657157
-0.38293250581846394
-0.2748560460652591
-0.1330789774895079
0.04232558139534881
0.5012853470437018
-0.13028571428571434
0.14419942473633757
-0.16599213041034286
0.15531135531135523
0.07698744769874467
-0.050314465408805034
-0.07030791788856312
0.15445269016697588
0.06836902800658978
-0.08546845124282981
0.36982892690513214
0.6449086161879896
2.174269005847953
0.20973630831643006
0.8872870249017037
0.01999156474061581
-0.04930875576036861
0.14970161977834603
0.018604651162790697
0.6770240700218818
0.12011661807580172
-0.05020242914979759
0.1987060998151571
0.23789704271631987
0.03904991948470209
0.007556427870461281
-0.20152207001522066
-0.10824659727782224
-0.13499716392512762
-0.34018899388549195
-0.01188940092165907
-0.04638171815488781
0.2387399463806971
0.38368421052631585
0.11951779563719865
0.19766206163655686
0.157242178447277
0.5875
0.9027322404371584
-0.0009014084507041741
0.3540030596634369
0.6265555555555556
0.27749627421758566
-0.3431087626596213
-0.39700694815606624
-0.3457683372054431
-0.5500912964090079
-0.3388474576271186
-0.4112040133779264
-0.8796437659033078
-0.30183802412406663
-0.3121243523316063
-0.239374185136897
0.03468208092485549
0.2693959061407888
0.26461843409316155
0.02991819244254
-0.12121600000000006
-0.021422195775066943
-0.034879200222160484
-0.8181318681318681
-0.34685138539042826
-0.3714181018688164
-0.7953286257468767
-0.1239184840900965
-0.13005235602094237
0.25425531914893623
-0.13769230769230772
0.03929983060417838
0.12419522326064372
0.13771331058020486
0.23241379310344837
-0.3564798899965624
0.23178607467204848
-0.11453505868191391
-0.1574644549763033
-0.2958267716535433
-0.10805895264973343
-0.06649746192893398
-0.18952807440578706
-0.17639024390243904
0.6920880428316479
1.4666666666666666
1.4026431718061674
0.6395890410958905
0.4549586776859505
0.35786895284751996
0.36065573770491804
0.7821052631578946
-0.29012875536480687
-0.16882738528769115
-0.1901369863013698
-0.18142414860681122
0.5041947177628171
0.062034239677744116
0.056572890025575404
0.23736263736263727
0.488608695652174
0.24489402697495188
0.5682051282051283
0.8108938547486032
0.8036977491961417
0.15142857142857147
-0.3772631578947368
0.09005947323704333
0.11448763250883384
0.20482456140350871
0.2660098522167488
0.12025157232704406
0.05348837209302319
-0.03640897755610969
0.07830080367393806
0.018212478920742042
-0.16587301587301584
-0.023312883435582823
-0.06302729528535975
-0.12213845099383143
-0.007560684440907282
0.43758389261744973
-0.4066914498141264
-0.06760961810466755
0.3606791778373547
0.32099173553719
0.19557692307692318
0.4406841783750764
0.022110552763819125
0.5325490196078432
-0.005653710247349904
0.10207756232686988
-0.24244897959183676
0.04088669950738922
0.4618705035971223
0.496969696969697
0.5755331088664422
0.12193588937774984
0.1137577002053388
0.013384813384813307
-0.12420957542908763
0.20054436581382695
0.43068592057761734
0.27185697808535186
0.3009900990099011
0.06824644549763036
0.2829560585885486
-0.2740740740740741
0.3220645161290323
0.10770731707317083
0.23846518237801995
0.6180952380952381
0.5279019466474404
0.25364963503649635
0.4012548262548263
0.45170000000000005
0.3692239858906526
0.3352496217851741
0.566934763181412
0.12118607649333907
-0.16675062972292187
-0.2931506849315068
0.10468085106382988
0.272
0.0785478547854785
-0.4280091833387996
0.32451127819548864
-0.010588235294117714
0.2086847073631214
-0.45651651651651654
