0.07979191676670672
0.284503557067739
0.2102874432677761
0.5208354559347937
0.32261072261072254
-0.0772626931567329
0.0541974295870932
0.0782042335426843
-0.09845910707230336
0.07289088863892008
0.29130434782608694
0.22503972036860495
-0.07279172821270313
0.03279857397504452
0.06456416995181782
0.29337860780984715
-0.028030888030887997
-0.07399425287356322
-0.03977272727272727
-0.04270270270270273
-0.02668918918918911
0.2305369127516778
0.35448888888888885
0.17208053691275174
-0.09059829059829065
-0.12225201072386065
0.05639097744360902
0.07362103458130892
-0.20967458223394897
0.1277249002149217
-0.033936651583710405
0.06340626340626349
0.15641025641025644
0.1233140655105973
-0.17561692126909523
0.3190520446096654
0.03712121212121209
0.2170454545454545
0.011402902557014512
-0.10165745856353595
0.1750599520383693
-0.1026737967914439
-0.07476190476190471
-0.04009433962264151
-0.03873015873015869
-0.002630925788036711
-0.09607843137254903
0.07949511788521081
0.0750561797752809
-0.0885296045444614
0.1636213311285656
-0.16244486452425963
-0.07354872603099553
0.09903038138332258
0.1274596182085168
-0.007150655021834012
-0.08382809038546736
-0.1622746185852982
0.1707865168539326
0.24352720450281418
0.23948051948051946
0.0025044722719140917
0.026757638682883365
-0.09916512059369201
0.1348314606741573
-0.1292035398230089
0.015059861373661053
0.08315629742033377
-0.13135011441647604
0.09622989717901398
-0.07231467473524955
0.04754273504273504
-0.13618233618233622
-0.057082303073119005
0.0014973262032085318
0.027787716159809128
0.08401063425750088
0.14768189509306265
-0.07587822014051517
0.0993166287015945
-0.10878504672897193
0.2883429168844746
0.1150127226463104
0.10651558073654398
0.32971246006389776
0.21312008674437513
0.06784741144414162
0.18593659942363108
0.059574468085106295
0.40989159891598914
0.32299091544374564
0.20193479039770687
-0.15892857142857145
0.18913373860182378
-0.19230769230769232
0.31360608943862994
0.22433697347893916
0.6122315592903829
0.3428211586901764
-0.02410666666666669
-0.03423913043478267
-0.12035262552702185
-0.08791602662570407
0.3521514629948365
0.10852850198851079
0.3290692906929069
0.7055367231638419
0.41030042918454945
0.6534441805225655
0.04963781929088823
0.39550561797752815
0.015536645621740298
0.02888239978762946
0.11851592579628978
-0.036562500000000026
-0.08369028006589778
0.026072874493927162
0.993388429752066
-0.0015452538631346327
0.0569014084507042
0.057643040136635355
0.019493476592478964
0.008060453400503828
-0.0572624322993599
0.22012578616352202
-0.07987499999999997
0.009162393162393225
0.15553429027113236
-0.15035587188612098
0.29313725490196074
0.13838310269482884
0.13604135893648459
0.1846749654218535
-0.21115468409586052
0.03176470588235297
0.11199216837983367
0.10233453670276771
0.015134865134865113
0.09278074866310157
0.17139713971397136
0.5702380952380952
-0.028456318914334144
0.14695481335952854
0.05990338164251215
-0.005614035087719298
0.02164048865619549
-0.10909090909090906
0.3109004739336492
0.29342657342657336
0.11897435897435892
-0.15637860082304528
0.023716558206796787
0.4185365853658537
-0.02249357326478149
0.32670807453416145
0.0024865919063870837
0.013525935653315764
0.10580462482302964
0.19956092206366624
0.36404886561954636
0.12273998136067106
0.3399999999999999
0.2823061630218688
0.5347441323585995
-0.09284671532846718
0.2140391254315305
0.23103590590177472
-0.001313269493844099
0.32081911262798635
0.1636704119850187
0.47266855066612845
-0.04310344827586207
0.20875113947128532
0.35224405984159585
0.14909090909090902
0.42745398773006144
-0.13543689320388352
0.21634615384615385
0.10924965893587997
0.06124737210932021
-0.08653846153846154
0.016135084427767326
0.21024054982817875
0.2562877697841728
0.1823510257245197
0.13122529644268777
0.22783950617283946
0.06954954954954959
-0.14026666666666673
0.10994958875033156
0.16972789115646264
0.20326797385620912
0.26268656716417904
0.1712974296205631
0.10142493638676854
0.17428833792470153
-0.04351145038167941
-0.008244274809160271
0.12863849765258217
0.1268389662027832
0.20445235975066778
-0.013501291989664141
-0.03847629487530833
0.26971428571428563
-0.02002412545235226
0.14725592143269792
-0.05852047556142673
0.10885473046113882
0.015980024968788958
0.08307999003239462
0.2998661311914324
0.14775712515489461
0.04387384873011438
0.33655126498002663
0.15014363230130867
0.2584126984126983
0.4026258205689278
-0.23524752475247526
0.06951340615690169
0.13487179487179496
0.1952665551039924
0.1449768160741885
0.2748148148148149
0.04423465947403905
0.10542383890873658
0.16859903381642516
0.16800000000000004
0.0800220143093011
0.5501896333754741
0.035646591256496454
-0.06297577854671277
-0.07653213751868468
0.23672456575682377
-0.001398601398601319
-0.12176497485139458
0.15382278481012668
0.02306306306306298
-0.06535279805352796
0.20340752954108265
0.27922263503858247
0.28021491782553726
0.022143864598025344
0.04177023340406189
0.18374112075769525
0.3165061014771999
0.29604578563995837
0.14041570438799078
0.07202797202797198
0.08311138014527843
-0.09757281553398056
0.0796806966618287
-0.007716894977168991
0.019134550371872856
0.6600632244467862
-0.06929577464788732
0.429946524064171
0.09388954171562865
0.13897180762852396
0.10011890606420933
0.07941888619854724
0.1505235602094241
0.009162374627270313
0.20890820206409555
0.21522842639593912
0.22282842785355356
0.2772987639433223
0.08465909090909095
-0.11680672268907567
0.26256983240223464
0.296085409252669
0.09371428571428568
-0.08627450980392154
0.05801388469664951
0.14779637854458486
0.15338753387533882
-0.08338762214983708
-0.04645340751043107
0.1724427234591804
0.06031746031746029
0.09744897959183665
0.13767491926803024
0.19256198347107448
0.09572649572649575
0.10119232763089675
-0.03511450381679385
-0.26706102117061026
0.010776138550352761
-0.03382949932341001
-0.045997745208568204
0.08247027234369006
