0.33505747126436786
0.4152147239263805
0.23552833078101065
0.3662817551963049
0.255578947368421
-0.15251231527093592
-0.16801166747690807
-0.17841269841269838
-0.07547788093937742
0.25464382326420204
0.21310975609756092
-0.010999999999999944
-0.3076923076923077
0.08669201520912552
0.06349206349206349
0.2506880733944953
0.18620689655172418
-0.018848167539266984
-0.13206521739130442
-0.16260477111540944
0.09160510409670926
0.0586538461538461
0.09023255813953492
0.06767676767676771
-0.049781659388646315
0.08770301624129934
0.1931297709923665
0.009465020576131734
0.2557179707652623
0.18723809523809515
0.064018691588785
-0.051950078003120057
0.5395833333333334
0.04080914687774854
-0.014155712841253791
-0.07681159420289851
0.13023872679045098
0.2654384672070745
0.04886433394720682
0.0481518481518482
0.06291161178509524
0.10628571428571429
0.5016470588235296
-0.05295169946332741
0.16506550218340615
0.04084507042253516
-0.2934604904632152
-0.12471910112359555
0.039430894308943046
-0.004332129963898945
-0.3156862745098039
-0.14087694483734092
0.20367346938775502
0.4174757281553398
0.22162818955042524
0.19429452582883577
0.20743639921722112
0.27931034482758615
-0.061165048543689246
0.03814147018030513
0.34239999999999987
0.06714431934493338
0.003292770221904015
-0.25166051660516603
-0.027224008574490866
0.28185328185328185
0.5591549295774648
0.36853932584269666
0.20678925035360685
-0.0273949579831932
0.005631868131868163
0.06841574167507564
-0.1873517786561265
-0.41514195583596214
-0.16904133685136327
0.022461538461538498
0.08273972602739722
0.14689655172413787
0.06620959843290883
0.012217941662080378
-0.42111436950146625
-0.024652777777777725
0.24461637653127022
-0.2877470355731226
0.12142857142857146
0.1451990632318501
0.45686591276252014
-0.47622950819672133
-0.06847662141779785
0.1808917197452229
0.07060728744939275
0.0899862825788752
-0.2567164179104477
-0.19652777777777775
-0.17800511508951414
-0.038343069569835395
0.10827586206896544
0.3753494282083864
-0.2275303643724696
0.12697547683923713
-0.12485840151038395
-0.17886696371737745
0.23943661971830985
-0.28347826086956524
0.23662691652470183
-0.08053265694356374
0.1309823677581864
-0.004371584699453614
-0.014125412541254186
-0.1051567239635996
0.019215686274509716
0.02247658688865767
0.04185544768069035
0.2215384615384615
0.11956521739130435
-0.07313432835820899
0.15899280575539568
0.24467766116941536
-0.10872765509989482
0.24696969696969692
0.1816455696202531
0.31472392638036817
0.08053097345132738
-0.08110091743119265
0.03522633744855963
0.12876137158852344
0.04933687002652526
-0.12419609910384813
-0.10091743119266056
0.21902874132804756
0.08358556461001158
0.2764350453172205
0.1714728682170543
0.301556420233463
0.4599297012302285
0.26646058732612055
-0.3122159090909091
-0.14740651387213516
-0.14095376774663262
-0.3255497800879648
-0.23799058084772373
-0.15864197530864196
0.2178151260504202
0.23187108325872874
0.08055009823182711
-0.1364145658263305
-0.012086330935251766
-0.03551236749116612
-0.061049902786779034
-0.036155913978494596
-0.15820348304307977
-0.03374233128834356
0.1390728476821192
-0.014186851211072743
0.0995447647951442
-0.13040752351097185
0.5239648682559598
0.17535460992907798
-0.027340513670256836
-0.0003496503496504292
-0.0834080717488789
-0.009923664122137492
0.6048780487804879
0.2925373134328359
0.11570881226053643
0.09417322834645662
0.13649484536082485
0.02593037214885957
0.1999999999999999
0.023180592991913808
0.11591289782244564
0.049045521292217294
0.08477366255144042
0.48910891089108915
0.18547368421052637
0.19262759924385628
0.27784552845528465
0.4330453563714903
0.27199312714776624
0.6063829787234043
0.20266666666666677
0.3918678526048286
0.4397849462365592
0.14441687344913148
0.07735849056603776
0.20067340067340061
0.2877108433734939
0.32833333333333337
0.29079754601227
0.05488086087624911
0.10336633663366346
0.1782561894510225
0.07948113207547167
0.1131955484896662
0.09345794392523364
0.11906976744186047
0.28835758835758846
0.2047524752475247
0.8950943396226415
0.17293343087051946
0.13903743315508021
-0.07383112351709696
0.48551401869158867
0.10606060606060606
0.24277456647398843
-0.34953271028037386
-0.33404255319148934
0.08417818740399378
-0.15751879699248122
0.061751152073732746
0.07253968253968261
-0.12150170648464172
0.35534136546184747
0.15223880597014933
0.07424633936261847
-0.241553748870822
0.26474501108647447
-0.08797736916548804
-0.06621923937360176
0.33902759526938236
0.06885245901639336
0.05799999999999993
0.37962466487935653
0.3296587926509187
0.2024112525117214
-0.5302325581395348
0.01120293847566579
0.3210653753026634
0.40802069857697293
0.4655263157894736
-0.17625570776255706
0.2398437499999999
0.6123222748815166
0.3694864048338369
0.05762355415352256
0.1618361836183618
-0.03243243243243238
0.15873015873015872
0.31217257318952235
0.33665835411471323
-0.48875
0.4844290657439446
0.2895927601809955
0.34271961492178094
0.24147339699863574
0.2660808435852372
0.01809954751131222
0.10978135788262368
0.18747553816046958
0.01293800539083561
-0.46637554585152835
0.23811563169164893
0.10476190476190482
0.4446140797285836
0.2871287128712871
