0.05668549905838046
0.025080042689434364
0.018374558303886887
-0.034866310160427835
0.1527539779681762
-0.054123112659698054
-0.16622039134912459
-0.11136166522116227
-0.1171243135297054
-0.019548872180451086
0.16437323279924607
-0.16969696969696976
-0.04439876670092502
0.10874316939890713
-0.01793855302279487
-0.0034623217922606694
-0.06098464796188462
0.2180790960451977
0.09476861167002017
0.008915054667787982
-0.01786148238153104
0.10371057513914653
0.10477590007347531
-0.19205298013245034
0.04150943396226415
-0.0018083182640144665
-0.01829495955196023
0.011704834605598022
0.09283018867924528
-0.11433724075743909
0.1516274411617427
0.16033755274261605
-0.17583547557840612
0.23372243839169915
0.23438596491228075
0.8134831460674158
0.7059602649006624
0.04099037138927091
0.09490238611713665
0.06104783599088841
0.31067373202119614
0.3130171543895056
0.8365853658536585
0.6091463414634145
0.07714543812104796
0.3897227856659906
-0.04509090909090915
-0.005029585798816591
-0.08408586232420423
0.02808174027686217
-0.15112612612612616
-0.042825212337952695
0.1309248554913295
-0.0025122121423586247
0.0013513513513514392
0.1423749246534057
0.13754345307068372
0.029256198347107513
0.09958620689655168
-0.13283884018880648
-0.13665893271461713
-0.11145602365114557
0.4416969696969698
0.3114093959731544
0.21168582375478928
0.2295825771324864
0.19899193548387106
-0.001508485229415519
-0.1928020565552699
-0.048841354723707694
-0.06604166666666664
-0.038692810457516366
0.10136138613861383
0.20485651214128026
0.704406779661017
0.8956743002544529
0.0061162079510703364
0.028665785997358053
0.07586891757696136
0.0
0.024905660377358516
-0.008486118386589862
-0.3325641025641025
0.0424844720496895
-0.11545064377682406
0.12413793103448276
0.30893470790377997
0.11859052247873636
0.02237136465324385
0.7288135593220338
0.2535491905354919
0.014795918367346967
0.21348175633889924
0.5675824175824177
0.3823008849557521
0.15874673629242828
0.2292861500915192
-0.09815418023887076
-0.1432746024924796
0.10430528375733847
-0.007207207207207139
0.18235294117647052
0.4530805687203793
0.35218093699515346
0.3563981042654028
0.5026128266033255
0.06147596479350031
0.2663576158940398
0.012727272727272693
0.45205696202531653
0.19250217959895374
1.1925000000000001
-0.10559523809523814
-0.15099009900990099
-0.06514111365369954
0.28898305084745757
0.4679886685552409
0.39603603603603593
-0.060547945205479514
-0.02450248756218911
0.005263157894736842
-0.10473815461346633
0.15638629283489092
0.17391304347826086
0.1568513119533528
0.3096642929806715
0.38236775818639784
-0.036363636363636334
-0.15229522952295232
-0.09163346613545817
-0.07567567567567571
0.1471529110684581
-0.06272493573264776
0.09591174561972741
-0.05158301158301155
0.03278688524590164
-0.0898876404494382
-0.06103117505995201
-0.04233183856502246
-0.20500963391136798
-0.2474327628361858
-0.09755679382768963
1.0
-0.06452328159645238
-0.07099035933391762
-0.011990407673860911
0.4419753086419752
0.3784037558685447
0.8393939393939395
0.09716684155299046
-0.09507788161993763
-0.1109963099630997
0.06542372881355936
-0.13652694610778449
-0.15106951871657753
0.00512077294685986
0.003463203463203512
0.14908722109533468
0.06998444790046657
0.4078048780487806
0.04609053497942382
-0.12322335025380714
0.01694036300777866
0.06442166910688141
0.11423001949317743
0.006914433880726016
0.11186839012925975
0.03488372093023256
-0.14305177111716622
0.007253886010362694
0.14309623430962345
-0.23471264367816097
-0.12744680851063825
1.3253333333333335
0.906115107913669
0.30217391304347824
0.6524137931034483
0.28245172124265333
0.4658064516129032
0.44490934449093444
0.37102199223803356
0.0490699734278123
0.07217305801376607
0.05496402877697848
0.021875
-0.11754385964912288
0.8991150442477875
0.10507614213197963
-0.17695060844667146
-0.02817460317460315
0.41546391752577333
-0.10984974958263766
-0.059489051094890555
0.6309178743961353
0.04282178217821785
-0.24850746268656712
0.11479967293540481
0.09096385542168671
0.11283367556468182
0.5008264462809917
0.008294930875576038
-0.08337595907928394
0.2502143294549908
0.8069651741293532
0.6645161290322581
0.0892583120204603
-0.10676611614278109
-0.03254462432544628
0.37036082474226817
0.23396226415094332
0.22775119617224893
0.21866295264623956
-0.07307692307692311
-0.3428571428571428
-0.09932523616734146
-0.005286911669890423
0.10499001996007988
0.9617647058823531
-0.06557539682539684
0.15520581113801457
-0.030752916224814422
-0.07842857142857139
0.075464320625611
0.10419047619047628
-0.0883412322274882
0.033424657534246546
0.021216617210682426
0.9583892617449665
0.10098814229249016
-0.12161100196463649
0.18236151603498546
0.25947204968944104
0.029399293286219017
0.04665605095541394
-0.008032128514056224
0.17084188911704307
0.1552777777777777
0.044286636539702974
0.12233009708737864
0.14333333333333337
0.8803149606299213
0.3340425531914894
0.17938931297709923
0.16669950738916262
0.29545064377682406
0.18099415204678357
0.38258373205741625
-0.061498708010335947
0.036614173228346425
0.19882121807465614
0.1701492537313433
0.28700636942675156
0.585185185185185
0.6397260273972604
0.016644993498049356
0.11295336787564769
0.11303045431852227
0.5187660668380462
0.0076481835564053535
0.151625784369652
0.16555819477434677
0.028825622775800794
0.47506297229219147
0.1999999999999999
-0.09531627233220671
0.111948051948052
-0.1857453281182095
0.32869565217391317
0.5059210526315789
0.10248857287963442
0.3655102040816327
0.3910950661853189
0.13719512195121952
0.09542483660130721
0.10022607385079126
0.1816901408450705
-0.06481481481481481
0.07904577691811729
-0.0027085590465872156
0.10366492146596862
-0.012723112128146537
0.2428231562252181
0.12023121387283243
0.05734190782422294
0.22957633892885695
0.6621890547263682
0.23886729594669617
0.016153457849570924
0.02070338420703387
0.3888068880688806
0.21723076923076917
0.054314720812182686
