0.18331479421579527
0.2155763239875389
0.5997134670487104
0.18401048492791608
0.18212827288013447
0.5644997694790226
0.4110547667342799
0.16396925858951167
0.2737290542459529
0.22696365767878077
-0.026108510052327234
-0.08724230654317298
-0.019207218820496266
0.007603305785124004
-0.014049039098740917
-0.04131868131868134
0.13226238286479244
0.35742642026009586
0.5509742300439975
0.35021533161068036
0.2661998726925525
0.18217821782178223
0.03684681994625264
0.1083087512291053
0.1787781350482316
0.06150537634408607
-0.097566628041715
0.1088397790055249
-0.10713813615333768
0.0902887139107611
0.03690409422321927
-0.078587625526401
-0.03694545454545451
0.21452404317958773
-0.01799065420560745
0.04168249660786972
0.011351122405760349
-0.0798387096774194
-0.12472089314194584
0.25725682724762183
0.6378516624040921
0.24423157017909208
0.199421052631579
0.12424162490108151
0.16875334403424297
0.28557457212713927
0.3531969309462916
0.6265724381625442
-0.03537971805366084
-0.0824938358576963
0.15533165407220823
-0.15838926174496648
-0.17404117009750808
0.09233023937469467
0.18812351543942998
0.2942277691107645
1.4433939393939392
-0.09324041811846687
-0.0019348597226701064
0.11167086481947942
0.13649148778682452
0.21029601029601022
0.16194690265486736
-0.18690987124463515
-0.09353551476456508
0.1709747742136406
-0.1826235093696763
0.016432865731462902
0.09728000000000005
-0.09315068493150688
0.021476510067114145
0.2834728033472803
0.13986143187066982
0.17053941908713688
0.11681034482758614
0.15693563009972794
0.16536189069423937
0.05026548672566374
-0.013045610593428106
0.2367251461988305
0.275796178343949
0.18219983207388749
0.17167443528146295
0.22265321955003878
-0.19883203559510568
0.1972032133293663
0.049609375
0.3530381050463439
0.7314344899016054
1.4384615384615385
0.2933480540988132
0.44651606745147937
0.5185567010309278
0.056430594900849805
0.11012782694198624
-0.1496121804079288
-0.23111688311688316
-0.016157923597148537
-0.16534598214285712
-0.03840195678760694
0.1018985820716174
0.19980824544582942
0.8436018957345972
0.14411247803163443
0.6379807692307692
0.12568149210903878
-0.02006877149109091
0.30937031484257876
0.13653488989121793
-0.09669156883671294
0.8158590308370044
0.11083378549466454
-0.07081649151172184
-0.2775510204081633
0.30588235294117655
0.42828040742959866
0.5952941176470589
0.08016359918200418
0.08448012232415902
-0.20496732026143785
0.3056603773584906
0.04978165938864626
0.06830044557606617
0.07017280240420744
0.2308492201039862
0.11497142857142864
0.3350218340611353
0.4864361702127659
0.04769673704414592
-0.23147274206672086
0.290962589323245
0.036772046589018344
0.3031663788140472
0.06910435497124068
0.3919137466307277
0.4649289099526067
0.17999999999999997
0.07000569151963575
0.036991368680641186
0.1999445983379502
0.29489096573208734
0.12359361880772464
0.3330553449583017
0.5929824561403507
0.05855327468230703
0.00331262939958589
-0.09259834368530026
-0.2749268292682927
0.11406698564593305
0.0042027843446283165
-0.002693602693602732
-0.015167930660888408
-0.160056258790436
-0.23459507042253522
-0.08897824030274357
-0.053125
-0.13614359532227358
0.033097928436911575
0.1926986399427345
0.9795206971677561
0.4433010697911359
0.14784688995215314
0.2671280276816608
0.5728613569321536
0.1369548584544759
0.22559825960841182
0.18830715532286216
0.31489251489251496
0.11653796653796648
-0.10690385429902588
0.16626506024096388
-0.012043189368770765
0.17489914836396225
0.050569476082004586
0.016250917094644234
-0.045446468236339486
-0.07102219443576112
0.05311049210770664
0.09626783754116361
-0.07159663865546222
-0.19261447562776954
0.0040297582145071295
-0.19
0.08854700854700846
-0.13992031872509952
-0.09349470499243574
0.14445271779597915
-0.0807565295706995
-0.050709219858156004
0.12631840796019905
-0.2170952050034747
0.11268179173938339
-0.16005747126436778
0.19541239629087365
0.20355492356914323
0.08628877005347586
-0.025664115263394866
-0.1020865139949109
0.0715708812260537
0.1422520661157025
0.3721662468513854
0.11263282172373079
-0.06973892405063298
0.09271089271089275
0.4147314578005116
-0.22119622245540393
0.07163323782234957
0.09202733485193616
0.22720000000000004
0.1964556962025316
0.15015792798483893
0.18947368421052624
-0.0666666666666666
-0.06726427622841963
0.2507345037620925
-0.21273031825795644
0.22969739619985932
0.029811629811629763
0.06693851944792976
-0.030338541666666607
-0.09070100143061513
1.2603001364256479
0.2852301790281329
0.2516211604095564
0.15133189344852416
0.3299502487562188
0.3404968226458695
0.46678166584524394
0.5355130784708249
2.134537246049661
0.863500439753738
-0.1069645203679369
-0.09166812227074239
0.12383823160010048
-0.004435598521467134
-0.016183280526444088
-0.03946012269938655
0.028459821428571428
0.15787476280834922
0.20076923076923073
