0.10013037809647973
0.38157286044718586
0.11129032258064525
0.05910064239828699
0.021611253196930916
0.06409090909090909
0.02786377708978328
0.010336341263330525
0.4072727272727274
0.055413659078289816
0.09800235017626319
0.24144144144144156
0.08798586572438155
-0.03209393346379643
-0.04046242774566474
0.24597774244833065
0.23504273504273504
0.0470046082949308
0.14590000000000009
0.10690335305719924
0.006359649122807051
0.014817933066722718
-0.03306617815433928
-0.06051779935275077
-0.0062740569668976835
-0.016019127316198374
-0.08032021347565049
0.056159110350727195
0.05531428571428569
0.16047477744807126
0.011946050096339202
0.1724859211584875
0.09428197293758184
-0.13219814241486064
-0.09619377162629755
-0.06377597109304418
0.11000000000000003
0.2669722434428316
0.22006903353057208
0.12711812936532035
0.12658440830061696
0.11835761589403979
0.07314328582145536
0.15571302037201065
0.21064834693001283
0.16017842660178427
0.25100854700854697
0.17270142180094783
0.20221130221130224
0.17881455399061036
0.070575221238938
0.25757662560870803
0.16469942355201755
0.1582644628099174
0.14059089699228103
0.06523809523809518
-0.3542372881355932
0.013155594405594365
0.035730170496664285
0.04462151394422302
0.017880566102865095
0.09532121212121207
-0.07112462006079032
-0.09699675324675325
0.06178608515057113
0.16179775280898873
-0.08703279938977873
-0.2542372881355932
0.0150572831423896
0.07452692867540035
0.1957042957042958
0.00032258064516136367
0.15447941888619857
0.24091428571428575
0.07916666666666673
-0.10033121019108285
-0.05977980791754505
-0.0010484927916120973
0.2899887514060743
0.2034233048057933
0.1999402092675636
-0.0004187604690117253
0.1266563944530046
0.01247746123332128
0.016775682954982652
0.1287179487179487
-0.06130500758725338
-0.12063492063492066
0.051704545454545454
0.20340510766149214
0.2034498009730208
0.21224218230206254
0.23487022900763352
0.03407821229050279
0.06539062500000004
-0.00966767371601205
-0.08442822384428221
-0.0006462035541195109
-0.04938409854423295
-0.11689560439560442
0.10030395136778116
-0.09531249999999998
-0.16424528301886795
0.12090729783037467
0.03810848400556325
0.04503531366846701
0.033502538071065964
0.036583629893238497
0.2964551422319475
0.0494845360824742
-0.20615384615384613
-0.08036507153428717
0.014591194968553487
0.005223636957231472
0.07388875394704877
0.12732354996505943
-0.010916520723876267
0.0007243096423720729
-0.10060913705583759
0.023203499270985136
-0.05954296749275829
-0.04136363636363634
-0.04306954436450837
-0.11537203597710541
0.14238975817923188
0.02341557813255931
-0.06930693069306931
0.002999210734017328
0.08768809849521207
-0.08993710691823907
0.06392138511932612
0.16020512820512825
-0.2451063829787234
0.34054614586933973
0.044444444444444446
-0.10679012345679019
0.2956949569495696
0.28941619585687384
0.21320754716981138
0.08029556650246311
0.36524486571879944
0.22417244033872213
0.232244008714597
0.14979562394806445
0.05423094904160823
0.19078411405295306
0.2434731592842476
0.15950155763239884
0.13886524822695026
0.29059511158342194
0.2092554291623577
0.15377405032067085
0.11338766006984866
0.1402002861230329
0.1765873015873016
0.25114777618364414
0.34406651549508693
0.2512542022239463
0.38526011560693646
0.19405646359583956
0.4123552123552124
0.23184516129032248
0.005876180482686278
0.347986577181208
0.06442477876106191
0.03178410794602691
0.08384562052230186
0.09655329833371376
0.041798054344179776
0.00562143170838831
0.06726256983240224
0.11465136804942638
0.06603230803275052
0.11541164658634542
0.17653631284916194
0.10210451643414523
0.07820053715308854
0.2669260700389106
0.27046632124352327
0.5122869955156951
0.24274809160305352
-0.052586206896551704
0.14597734533836768
-0.0029095509171410882
0.04391911136428363
-0.04801232665639451
-0.2436762225969646
-0.29794871794871797
0.04095427435387669
-0.02702362204724415
0.02622720897615704
0.054909090909090935
0.018407248450166863
0.143301258327165
0.3641398093508851
0.1356554107950013
-0.15026109660574416
0.15296912114014255
1.0698689956331877
0.3509036144578313
0.4065281899109792
0.05529411764705883
1.3235294117647058
0.1676811594202899
0.16142076502732244
0.04699507389162566
0.11451428571428576
-0.014574898785425078
0.18251366120218587
0.16581196581196586
0.06776315789473691
0.14497354497354506
-0.16928327645051192
0.06462882096069875
-0.11255060728744944
0.3249258160237389
0.3222038567493114
0.3496340652029275
0.48952134540750314
0.33608436497019717
0.19977603583426662
0.14013605442176874
0.40000000000000013
0.2077503774534475
0.5692307692307693
0.23629489603024575
0.29983361064891856
0.21956295525494277
0.1048951048951049
0.3019162065605716
0.2682772505033075
0.3545706371191136
0.0061145334245950676
0.13646188850967014
0.12594609311189772
0.07832772705430081
0.06482965931863732
0.07302231237322515
0.27336270190895745
0.3945733041575492
0.3333121424030516
0.002510288065843584
-0.0782834331337325
