-0.10190571715145438
0.627831715210356
1.0281250000000002
0.5868131868131867
0.1988355167394469
-0.251961950059453
-0.06447876447876444
-0.09754445385266727
-0.08432432432432435
-0.08931841302136313
0.6060514372163387
-0.00968783638320775
0.0038539553752535037
-0.2648275862068965
0.1934846989141165
0.37681159420289856
1.017142857142857
0.8223255813953488
0.04293628808864266
0.00933734939759043
-0.060665362035225046
-0.06487647690655207
-0.4513994910941476
0.38899082568807336
0.11759259259259262
-0.16126760563380285
1.0508982035928143
-0.5147917663954046
1.0814814814814815
0.06913580246913585
1.0592592592592591
-0.04579124579124587
0.10068027210884357
-0.1328358208955224
0.1718794835007173
1.3403726708074535
0.45148514851485144
0.5017199017199019
0.35842185128983317
0.14369230769230765
0.8219269102990032
0.37788161993769476
0.7912087912087912
0.39300699300699304
0.080089485458613
0.7021645021645021
-0.1697278911564626
0.14430082256169208
0.19453551912568298
0.14715261958997727
0.1958333333333333
-0.06503067484662577
0.03788546255506606
0.33996627318718387
0.2266881028938907
0.3333333333333333
1.015311004784689
0.6444444444444445
0.18315132605304207
0.06873614190687362
0.14056338028169008
0.1460317460317461
-0.2549246813441483
-0.17830290010741137
0.2690522243713733
-0.22947739283617144
0.842436974789916
1.2625550660792952
0.8708487084870848
-0.02713347921225378
-0.3952681388012619
-0.15074733096085405
-0.037727272727272776
0.15628205128205125
-0.17502579979360167
1.6617283950617283
0.253006329113924
0.4049535603715171
-0.36595517609391676
-0.2345679012345679
-0.15824175824175823
-0.03200000000000003
0.10747922437673134
0.3319148936170213
0.06060606060606061
0.021707317073170675
-0.06609929078014187
-0.17225433526011558
0.08135593220338987
0.37477744807121666
0.24497878359264505
0.32409638554216874
0.34616352201257866
-0.010909090909090946
-0.20928074245939673
-0.11482993197278908
0.014420062695924836
0.0052052052052052504
0.025361512791991052
0.01564625850340144
0.0038661710037175057
0.5020000000000001
0.10208623087621693
-0.09308666017526779
0.1008174386920981
0.4990196078431373
0.4172131147540985
-0.06306913996627315
-0.3823255813953488
0.07425149700598811
0.3421602787456445
-0.05898815931108714
0.15133689839572198
-0.018567103935418747
-0.19
0.01516587677725122
0.06718346253229975
0.5375
-0.23513215859030837
0.3166959578207382
-0.23562753036437242
0.1118971061093248
0.023195876288659795
-0.41448783248443694
-0.32741433021806854
0.35216284987277346
-0.0015915119363395828
0.16489795918367336
0.1719789842381787
1.1844444444444444
0.5205882352941177
-0.019888475836431312
0.15029821073558652
-0.3083511777301927
-0.10880829015544041
-0.20406852248394006
0.5240963855421686
0.30780952380952387
2.390625
1.107832422586521
0.1874759152215799
-0.07285886610373941
0.41655629139072853
0.1734246575342466
1.351063829787234
-0.06572438162544178
-0.003769841269841225
-0.12213500784929349
0.5117886178861788
0.21337295690936112
0.5136876006441223
0.5958224543080941
0.26650887573964505
-0.11308016877637125
0.6821158690176321
0.19407831900668582
0.28742331288343553
0.7315068493150685
-0.3506715506715507
-0.21779141104294478
-0.19449866903283056
1.8071428571428572
0.12142857142857148
0.6532066508313539
1.0530612244897959
0.09130434782608692
-0.30808580858085804
-0.2904601571268237
-0.43256552819698174
0.49336734693877543
0.9957805907172996
0.49940688018979834
0.034946677604593857
-0.09669861554845575
0.10122783083219651
0.004025764895330112
0.2086206896551723
-0.35470668485675305
-0.47194244604316543
0.08659549228944247
0.05179640718562878
0.3148665819567979
0.4494505494505495
-0.3880322209436134
-0.23237822349570206
-0.1645658263305322
-0.17479674796747968
-0.41005988023952095
0.41967213114754104
0.0937027707808564
0.07192982456140348
-0.1554001554001554
-0.162748643761302
0.14957264957264957
0.11771523178807951
0.2992874109263658
0.37468671679197996
0.11001589825119244
0.20699088145896663
-0.2804416403785489
0.04642313546423135
0.270488322717622
0.298828125
0.49209621993127145
-0.12936732766761094
-0.1981891348088531
-0.3091525423728813
-0.07762645914396883
0.22606334841628956
-0.08381839348079162
-0.07495291902071566
0.10090361445783133
0.3742043551088777
0.5023255813953489
0.2775862068965517
0.3140039447731756
0.2589928057553957
-0.02531645569620253
0.2016326530612244
-0.41882750845546785
0.2157977883096367
0.5779179810725552
1.1064516129032258
0.3703252032520326
-0.665128205128205
-0.1977220956719818
-0.08293370944992941
-0.10855614973262039
-0.10130095403295747
-0.26472491909385115
-0.16686251468860164
