-0.21385542168674698
0.0010370370370371045
0.16215429403202325
0.16586791350087665
0.04078947368421053
0.08092631578947361
0.12554291623578087
0.16304138594802703
0.013610798650168754
-0.042328042328042326
0.11794071762870519
0.12271825396825402
-0.02103852596314914
-0.1793147208121827
0.040526617057813366
0.08154020385050963
0.06005917159763317
-0.04523141654978962
0.10830388692579497
0.004126862820022997
0.051972157772621756
9.514747859173078e-05
-0.03769730733519026
0.14695945945945946
-0.023270440251572294
-0.11434554973821995
-0.08960486322188456
0.06530438484461477
0.07102272727272728
0.0161090458488228
0.03479381443298969
0.01701444622792941
-0.03725321888412025
0.1560779046339826
0.3447422680412372
-0.3154228855721393
-0.07011278195488724
0.22877148313176326
0.1325581395348837
-0.09076576576576584
0.2517220543806646
0.34669421487603314
0.314375
0.3999999999999999
0.18375451263537898
0.753763440860215
0.25116279069767433
0.023044096728307213
0.020874635568513093
0.0036004645760743586
0.0715101193565128
-0.14722016308376568
-0.07654185022026432
-0.04116899618805588
-0.03423760523854061
-0.01564417177914106
0.016049382716049422
-0.0033693304535637935
0.08450363196125903
0.045726055612770315
-0.11972972972972976
0.05312791783380027
0.31780147662018055
-0.027296587926509228
0.055559921414538346
0.10188841201716742
0.11350499211770888
0.07583643122676571
-0.013444767441860465
0.2109677419354838
-0.05105485232067508
-0.09234737747205511
-0.06498921639108561
-0.03831478537360894
0.10694716242661444
0.122071897951295
0.04106400665004164
0.0007380073800738007
-0.13446808510638292
0.07607621736062099
-0.08793264733395698
0.0453717754172989
-0.16087456846950512
-0.12357414448669202
-0.018476499189627193
0.38420348058902276
0.07287066246056789
0.019898477157360428
0.08684684684684693
0.3147898287493513
0.4171215880893301
0.029175475687103616
0.08930481283422453
0.056414342629482035
-0.12671040299906283
-0.03161290322580649
0.1260230433055224
0.03968432919954909
0.0744464944649447
-0.03984220907297828
0.05704225352112672
0.12575460603684838
-0.07759014148790506
-0.04573314474304573
-0.010056497175141217
0.07583892617449672
0.25223367697594495
0.08953771289537715
0.03433070866141725
-0.18204633204633205
-0.03253781512605048
-0.11081967213114755
-0.057726180944755734
0.20841025641025646
0.04379770992366421
0.061848218895198856
0.34326769558275677
0.06078280890253265
-0.15229468599033819
0.09739130434782609
0.05357142857142857
-0.08971631205673763
0.2028664495114007
-0.19674465920651066
0.4406287787182589
0.4920454545454547
0.012776659959758596
-0.06011560693641615
-0.05645454545454537
0.3108135942327497
0.025413402959094906
0.3759827679052234
0.7099216710182767
0.371003717472119
0.17307692307692307
0.20079051383399213
0.1541935483870968
0.09079578139980829
0.16707663197729414
0.13411669367909237
-0.09692923898531378
-0.13556485355648534
0.014732593340060569
-0.06363636363636357
0.15630585898709046
0.11628532974427987
0.30211685012701095
0.2677658697444352
0.30431802604523644
-0.12768415984593165
0.05569502556950264
0.059142212189616225
0.265
-0.1103284150404569
0.011238670694863994
0.02048331415420018
-0.037868598034143844
0.23772241992882567
0.04162499999999994
0.17528795811518333
-0.18700522778192688
-0.0701449275362319
-0.041666666666666664
-0.13846153846153839
0.009665427509293717
-0.14975530179445357
-0.09196067090803933
-0.12696817420435516
-0.022813381700927008
0.33524699599465957
0.17658227848101268
0.15650446871896714
0.054910918227501056
-0.11496437054631824
-0.2943589743589744
0.045059786028948966
0.15430884904569112
0.21777777777777785
0.06893317702227428
0.19083969465648856
0.4102658111824014
0.1147912885662432
0.5670103092783505
0.016602949208083063
0.06466165413533839
-0.1486338797814207
0.16843702579666162
0.10727969348659004
-0.0037686240140227473
-0.08907284768211914
0.19999999999999993
0.0270986745213549
-0.1289678135405105
-0.2007636502481864
0.00030581039755358635
0.03308468626590614
0.41810699588477374
0.26746126340882015
0.043427458617331945
0.1429878048780487
-0.09599109131403115
0.046319569120287174
-0.13840155945419103
0.2835195530726257
-0.02240000000000004
0.02965972574911127
-0.10901729849098263
-0.11085526315789473
-0.09194630872483218
0.12216981132075479
0.0953919239904989
0.13344993441189323
0.16372881355932206
0.13206349206349213
0.06549210206561358
0.32796116504854367
-0.00439350525310402
-0.026347305389221608
0.1521608040201006
0.07066603684459136
-0.012312312312312381
-0.0725571725571725
0.045845511482254776
-0.011281070745697853
-0.31920469950293723
0.16489411764705886
0.21627712854757922
0.06929492039423812
0.31385642737896496
0.371078431372549
0.05919153031761309
0.11626666666666673
-0.019795221843003453
0.05343999999999997
0.15191637630662022
0.1697231833910035
0.13153700189753317
0.46829268292682935
0.11564245810055866
-0.07817083692838646
0.05000000000000005
-0.02316426949280841
0.21384335154826953
-0.16415094339622646
0.07167567567567562
0.18533674339300946
0.11991614255765208
0.18197507190795778
-0.01768292682926827
0.03611111111111116
0.10270270270270271
0.034679981842941486
-0.02362609142270159
-0.04243132670952654
0.21453077699293632
0.14388254486133764
0.01023087369850607
0.15013089005235608
0.15794481446241673
0.1615873015873015
0.4484076433121019
0.10835734870317003
0.3018518518518518
0.11094287680660705
0.15993589743589737
0.028470254957507116
0.008526490066225127
0.30101781170483466
0.23647604327666152
0.08201725282017247
0.2854545454545455
-0.07673830594184582
0.07340350877192976
-0.04146892655367237
0.3474358974358974
0.21392405063291134
0.17121729237770195
0.012316715542522031
-0.35604395604395606
0.013725490196078487
0.2644927536231884
0.05728643216080402
-0.07968992248062012
0.020248203788373612
0.5472727272727272
-0.05494018608772707
0.2758928571428571
