0.0741701870850936
0.20533606977937394
0.037801111797405834
0.18407310704960836
0.2775
0.07749936724879773
0.21804893549412133
0.2299573560767591
0.1840298110194303
-0.05154384520378749
0.1941068139963167
-0.042222718143271554
0.28790482485128877
0.1202072538860104
0.0
0.08817938094077508
-0.018595825426944886
0.35978835978835977
-0.05614035087719303
0.2589368258859784
0.27524390243902447
0.20168408826945422
0.3029925187032419
0.18094296076491928
0.21549173194081803
0.12680187207488303
0.12573113787171303
0.011332633788037727
-0.09726415094339624
0.14121016827783747
0.0387283236994219
3.0839160839160837
-0.07447306791569086
0.11000555864369099
0.11562416821932384
0.09972451790633606
0.581231320980275
-0.13818181818181816
-0.07772992145933626
-0.2950276243093923
-0.28431372549019607
-0.11120507399577172
-0.0029064039408867445
0.17575947384904472
-0.02722658052607291
0.21763085399449036
0.4781708369283866
0.06356413166855845
0.3034864416159381
0.14233206590621034
0.08592382304234678
-0.026586102719033233
-0.0460738429537181
-0.0659305993690851
-0.029032258064516182
0.2542232722976964
0.3188896899783705
-0.04385577630610748
0.10228482003129896
0.0797557538750588
0.37464788732394366
0.38298192771084333
0.08271954674220955
0.4044444444444444
-0.0423220973782772
-0.20196963479688143
-0.10905923344947739
0.18783083219645283
0.048275862068965454
0.12884097035040434
-0.05121951219512199
0.006827682303762108
-0.04932851239669422
-0.11702127659574468
0.24792176039119798
0.293939393939394
-0.10283224400871457
0.2623456790123457
0.40807311500380805
-0.13610149942329874
-0.20769230769230768
0.45670886075949363
0.2627175743964066
0.047737068965517195
0.16026748397882412
-0.006233062330623388
-0.07761194029850743
-0.1773628400184417
-0.023161251744070126
-0.19559748427672952
-0.2644227744573765
-0.025602570969469714
0.07056367432150319
0.0632070576024909
0.6807692307692309
-0.24728487886382622
-0.19844271412680753
0.0814791987673344
0.07845659163987131
-0.12347680268306321
0.18644371454165426
-0.21004651162790694
0.31783088235294105
-0.48055555555555557
0.10386138613861395
0.03220922229869233
0.3357716324710081
0.2296271414175344
-0.11126760563380277
0.14709096753455478
-0.010990913024664687
0.18035714285714285
-0.0356846473029045
0.0
-0.004839168801594079
-0.03436669619131971
0.28679999999999994
0.2039735099337749
-0.011764705882352941
0.14094387755102042
0.11924473493100947
-0.16170055452865068
0.10506822612085766
-0.18683514545988839
0.02725527831094044
0.2929503916449086
0.07028753993610223
-0.014705882352941176
0.15246913580246907
0.3413245758073344
0.10531617235590378
0.2117913832199546
0.029350104821802937
0.23686131386861314
0.06254705144291095
0.15942822384428218
0.21984770326701056
0.24730158730158736
0.7715686274509803
-0.02617354196301556
0.21108742004264391
-0.17055568919894154
0.2948642459928034
0.18212290502793294
0.7245841035120147
0.17374149659863952
0.47743467933491684
0.06340281143965108
0.04974152785755308
-0.001528063473405765
0.21318879855465223
0.06284137931034488
0.06166868198307134
0.1774032459425718
-0.3342372881355932
-0.04567291872326429
0.01233729485002827
-0.012416851441241735
-0.16032831737346107
0.3906474820143886
0.09008782936010032
0.5871794871794871
-0.13242909987669543
-0.3660968660968661
-0.23683732202362925
0.03438256658595634
0.12725806451612892
0.09867549668874169
-0.20029393239554902
0.29591078066914506
0.36088794926004236
0.2641849148418492
-0.13362766740250187
0.297607202084814
0.011806699615595826
0.07095975232198137
0.1428425878757005
0.0908039936941672
0.1872387238723873
0.1551546391752577
0.07803547066848573
0.05218390804597699
0.03381319049213258
-0.0420134562671318
0.0006123410268488845
-0.04305669679539859
0.18052573121066268
0.1392874109263657
-0.00790473777552567
0.13517844136926432
-0.05678431372549027
0.08800949742778001
-0.06363636363636369
0.20537897310513448
0.2107865168539325
0.1464525547445255
-0.07218649517684884
-0.24454952712792433
0.26880616174582794
0.32620215897939164
0.15979899497487426
0.052971698113207635
0.1220321674751085
0.18282051282051281
0.4491554054054054
0.17857142857142858
0.09173789173789179
0.4456035767511177
0.2578983050847458
0.18098859315589363
-0.016828478964401258
0.009851805468586897
0.17692880178615725
0.1590854392298436
1.0794612794612795
0.3529378370706783
0.1420024721878862
-0.028407695456406094
-0.011746280344557557
0.2591803278688525
0.12316251830161051
-0.0362962962962963
0.14314115308151093
0.06242644998599053
0.1299626739056668
0.1419753086419753
0.45150214592274684
0.4011314475873543
0.34514145141451424
-0.007375478927203109
0.0327455919395466
0.14858801794668777
0.3430740037950663
0.03858520900321544
0.42913315460232354
0.10104529616724739
-0.11462635724930799
-0.007547169811320683
0.5327008928571428
-0.09092702169625251
0.07658556043079377
-0.03208191126279856
0.305781057810578
0.2224481814626516
0.10623774029031
0.09869947275922678
0.16439628482972143
0.02378854625550661
0.10413669064748197
0.24386080105055816
0.2950071326676177
0.4204638472032743
0.8431810490693741
0.5733905579399142
0.4657534246575342
-0.011469534050179172
-0.3136571952337306
-0.04373956594323881
0.06666666666666662
0.004352941176470642
0.05750262329485829
0.07179487179487173
0.2488439306358382
-0.11045364891518737
0.21396648044692743
-0.057793594306049856
0.15191288993525598
0.533418858242463
-0.662730114623133
-0.12053274139844619
-0.03679003297911326
0.12970391595033426
0.052404151662783234
0.1537596626844694
0.4448126232741617
0.16091676718938477
0.4446478312773578
0.4957787481804948
0.37880482778922586
0.04339622641509429
0.07829581993569139
0.06377708978328181
0.1774358974358974
0.04168525402726142
0.09602319801159909
0.08724428399518652
0.022568306010928938
