0.39058031959629946
0.288774193548387
0.9398230088495575
0.6329241071428571
0.3138149556400506
0.207380073800738
0.48328173374613
0.6383307573415765
0.45843411839592607
-0.7565533980582524
-0.18537258509659613
-0.02857142857142857
-0.1055652173913043
-0.4235686492495831
-0.1563867886987664
-0.21736178467507278
0.006454587367450438
-0.03705308775731316
0.0546448087431694
0.030910131654264452
0.015532286212914446
0.10408870408870412
0.09577464788732397
0.042077695329550455
0.09978494623655909
0.010678674815053014
-0.23250688705234154
0.10161527165932448
0.09872029250457039
-0.15299539170506907
0.034417549167927386
0.07331081081081084
0.010968921389396709
0.10807775377969754
-0.019626168224299013
0.06501064584811916
0.08170212765957456
0.11139430284857564
0.18794964028776978
-0.26197183098591553
0.097080291970803
0.06022556390977437
0.002369980250164522
-0.027906976744186046
0.053776435045317254
-0.12714429868819374
-0.11355932203389835
-0.04932735426008968
-0.025513905683192287
-0.043589743589743636
-0.04038369304556357
0.009198023565184272
-0.05290581162324649
-0.03707124010554093
-0.1104166666666667
0.07171561051004634
0.011750881316098707
0.07350527549824155
0.07405714285714281
-0.023416789396170805
0.06881948120698782
0.07901390644753477
0.3266563944530046
0.1358574610244989
0.11720875221762274
0.1053488372093024
0.07607973421926915
0.21278106508875735
0.22486486486486484
0.16145833333333334
0.3722846441947565
0.017388059701492504
-0.05113952195664258
-0.05162812647475228
0.1849607982893799
0.19497784342688332
0.16920518789491193
0.020670897552130512
0.07470489038785827
0.33477604428787106
0.12234513274336285
0.012685827552031669
0.09786347055758217
0.1635202271114266
-0.5092198581560283
0.35544303797468346
-0.1829457364341085
0.326071741032371
0.2516159250585479
0.2623512613041408
0.22199154171472513
0.08352705410821647
0.01783439490445867
0.19566074950690343
0.055270344074276376
0.015883744508279823
0.4825531914893616
0.026205641492265654
-0.024308062575210645
0.02713301536830951
0.07425742574257425
0.07345679012345682
0.04171539961013648
0.08428890543559199
0.06743515850144097
0.07171121138493576
-0.23137931034482756
-0.0011892963330030182
-0.01669211195928751
-0.019296482412060348
0.02446916076845295
-0.03684710351377014
0.008535084119819524
0.006070826306914035
0.11612529002320188
0.12102441929720074
0.09645714285714282
0.024033149171270685
0.014626556016597535
0.23428252372975986
0.0696749150897622
0.17190082644628107
-0.039597737272155875
0.04559216384683887
0.08505747126436788
0.019853355893965058
0.23562209602478063
-0.18996212121212122
-0.1845642049234864
0.11143991338866842
-0.509404990403071
0.12960629921259836
0.11481481481481486
0.05987892129884422
0.14163851351351356
0.022376329172445718
0.04833659491193747
0.023950233281493025
0.4
-0.005241935483871013
0.10483870967741936
0.0617338003502627
0.20703517587939693
-0.020253164556962074
-0.0009158557527188947
0.17046783625730996
0.23954480796586056
0.019270833333333334
0.050576752440106475
0.005521472392638037
0.06878612716763005
0.2030937215650592
0.25228215767634854
0.4015384615384616
-0.035838150289017275
0.16367112810707463
0.2294736842105263
0.04667291471415178
0.17397881996974282
-0.05746809244567089
0.004129032258064574
-0.05800273597811215
-0.08825112107623316
-0.07389044382247108
-0.09693663449433487
-0.034822335025380666
-0.15985953538627773
0.16198083067092647
-0.07979924717691346
0.27235329703569255
0.14607508532423213
0.1949253731343284
0.02365339578454338
0.20094899169632263
0.044986449864498644
0.02539200809307033
-0.10032502708559049
0.017607413647851802
0.21791044776119395
-0.086863711001642
-0.1875111507582516
0.025790754257907597
0.008919722497522299
1.0506666666666669
0.16108597285067883
0.08306403351286652
0.7516129032258063
0.11187607573149742
0.40460829493087563
0.47024952015355087
0.11381215469613265
0.03819386909693447
0.12491830065359484
-0.08389975969790597
0.13953852170512326
-0.06822211852543165
-0.0426043878273178
0.11891551071878935
-0.07052132701421798
0.07233595800524932
0.012150537634408553
0.02041992589543018
-0.043440653531955836
0.0
0.01239954075774966
-0.009964412811387874
0.02676167854315119
0.09351163942545823
-0.02032786885245898
0.11148775894538615
0.1638846737481032
0.16341463414634141
0.1971656333038086
0.5536480686695279
0.21814109742441204
0.04401913875598084
0.05990521327014222
0.03298050139275768
-0.11896440129449835
0.11636935991605465
0.06869896570495375
0.05844385499557905
-0.04471621197867667
-0.07793336552390154
-0.03824701195219118
-0.046585494970884066
-0.007826086956521707
-0.07595084844938559
0.07687074829931981
-0.0875995449374289
-0.009411764705882375
0.07921348314606738
0.002631578947368344
