0.35853018372703416
0.17979626485568756
0.1159944367176634
0.2808755760368663
0.4147368421052631
-0.017304964539007157
0.2511841100076394
0.12503209242618735
0.08409785932721713
0.15217391304347827
0.15007812499999992
-0.1952326901248581
0.041229656419529755
0.3540229885057471
0.29890109890109895
-0.11031910484873594
-0.16924675324675323
-0.14651162790697678
-0.07236688690244843
-0.0730524642289349
-0.21859229747675965
-0.23235485975212006
-0.08040583386176281
-0.16830500689021594
-0.38494623655913973
-0.22005988023952097
0.01161007667031766
0.17075471698113207
0.21182341650671793
0.061538461538461625
0.21986516853932575
-0.043043043043043044
0.10487580496780129
0.0027303754266211344
-0.07368421052631582
0.0371214588082058
-0.05332302936630603
-0.07656870532168394
0.03835489833641405
-0.022687047465808564
0.01619771863117867
0.06119536128456727
0.1182309250506414
0.3073394495412844
-0.10501253132832075
-0.14681753889674676
-0.18020086083213777
-0.06825870646766172
0.2557866666666666
0.20754716981132076
0.024
0.2042553191489361
0.15795297372060862
0.2274358974358974
0.300456204379562
0.3787878787878788
0.13451568894952254
0.21490467937608318
0.08881481481481489
0.07891791044776111
0.10132029339853292
0.1559456398640997
0.08975681650700071
0.1690058479532164
0.10505836575875487
0.05015425297487888
0.056762380357886014
0.0732125834127741
0.10437549721559272
0.09504165013883376
0.1733585858585858
-0.18652849740932642
-0.14140786749482404
-0.15453618756371051
0.017921146953405017
-0.1505210693248754
-0.08916096507021963
-0.046974185357596274
-0.04262672811059908
-0.10858797040849144
-0.11222222222222215
-0.10832740213523134
-0.12452830188679248
-0.14298874104401232
-0.07758405977584054
-0.007735946364105209
0.09966375252185612
0.05387251542152153
0.0379746835443038
-0.02488161859664235
-0.021908127208480524
0.006803247004251994
0.0025931928687196477
-0.06291512915129155
-0.10391061452513971
0.1130434782608695
-0.1033333333333334
-0.04032634032634035
-0.05860113421550094
-0.04990848078096397
0.009891196834817012
0.05739238927011853
-0.028287841191067035
0.10860215053763445
-0.01456582633053218
-0.07510127765659085
0.02948207171314732
-0.08701780415430263
-0.041648270787343566
0.22596153846153846
-0.015512048192771017
0.03518164435946466
-0.004624277456647428
0.02401719901719896
0.016586826347305416
-0.008719346049046239
0.3309278350515463
-0.03356643356643364
-0.07974193548387092
0.04136102518780376
0.035523978685612786
0.010506566604127623
0.11745132743362838
0.02569060773480666
0.06615044247787606
0.10166051660516609
0.034722222222222224
0.11013400335008375
0.23976522377109313
0.115462962962963
0.320392749244713
0.14959349593495933
0.25606891151135475
0.16640883977900542
0.17199582027168225
0.1226618705035972
0.2521142857142856
0.07630057803468213
0.12284482758620689
0.18403115871470302
0.2111747851002865
0.12664859981933158
0.15422665190107057
0.16308213378492795
-0.06542750929368027
-0.2358413132694938
-0.20135135135135132
-0.19729729729729734
0.03846493162770173
0.05307509344206586
-0.0014935505770536628
-0.011246762856085864
-0.0020162853819309105
0.13403565640194498
-0.03459372485921158
0.12190476190476185
0.03262867647058824
-0.27722772277227725
-0.02384550797649042
-0.03768115942028989
-0.0017817371937639452
0.13817088879347367
0.1011181332036947
0.07886347886347883
0.10713685978169597
0.12676967301473238
0.009416800428036335
0.170622342481639
-0.07867647058823532
0.13918495297805647
0.09936908517350158
-0.052980132450331126
0.10012300123001228
-0.017304964539007157
0.18671586715867167
-0.0311444652908068
0.026022913256955774
0.012256267409470794
0.05694393550751194
-0.0006702412868632708
0.010902111324376235
0.025820195994887052
-0.048910411622276
-0.10142671854734117
-0.01584806810740016
0.026280991735537152
0.019279128248113998
0.09390815370196817
0.10452006094464204
0.12532731376975165
0.034164705882352896
-0.05639097744360902
-0.12061855670103096
0.0060692002268860155
-0.1728155339805825
-0.12289348171701106
-0.11832985386221298
-0.11389617199790249
-0.13007246376811593
-0.0661324786324786
-0.04923747276688458
-0.028052805280528052
-0.0496905393457118
-0.005206738131699812
-0.0470679012345679
-0.11289437585733876
-0.05811912225705332
-0.07943060498220635
0.024250440917107582
-0.0876666666666667
-0.04463373083475306
0.10767468499427263
-0.1911634756995581
0.0475247524752475
-0.08467153284671536
-0.077115987460815
-0.1215992198927353
-0.12825416409623694
-0.06579984239558707
-0.1795620437956204
-0.11920088790233072
-0.09721988205560231
-0.09368907131862489
-0.023599701269604114
0.18326937835763618
-0.004291845493562232
0.1794476035743299
0.14238310708898935
0.21337047353760452
0.11563786008230462
0.19414494823277406
0.13977509371095373
0.1031963470319634
0.0819834710743802
0.21472222222222226
0.18994059405940592
0.1557195571955719
0.14570765661252902
-0.08179419525065963
0.06437613019891505
0.0427672955974842
0.07201257861635213
-0.1417218543046358
-0.12216216216216214
-0.12109795479009688
-0.08814589665653495
-0.09971537001897536
-0.16854279105628367
-0.17484536082474234
-0.059337190952130435
-0.002856236115518883
-0.17962813257881977
-0.16390728476821192
-0.010638297872340425
0.01775625504439064
0.04739884393063577
0.09978714346530443
0.02699256110520716
-0.009416800428036335
0.045883293365307824
0.13955970647098068
