-0.05576923076923077
-0.03007209062821838
-0.20767423649177763
0.15950920245398773
0.3471698113207547
-0.15353535353535352
-0.03201219512195122
0.0183585313174946
0.06464968152866239
0.003870967741935508
-0.20432692307692307
0.47214285714285703
-0.008153078202994971
-0.000583090379008658
0.1413629160063392
0.03139013452914798
-0.13909090909090907
0.18618784530386745
0.19659477866061298
0.15315682281059073
0.04569640062597816
-0.14719173660426083
-0.02740585774058582
0.479769392033543
0.06920245398773003
-0.0382193268186754
-0.12292899408284028
0.009956076134699787
-0.01949152542372875
0.0870712401055409
0.26203966005665724
0.17452471482889725
0.3799691833590139
0.03630434782608693
-0.1624843684868695
0.2029556650246305
0.15098814229249008
-0.10351758793969852
0.03926174496644291
-0.36990291262135916
0.14228634850166486
0.02937576499388005
0.6348717948717949
0.24313725490196078
0.10370370370370362
0.06587615283267458
0.0029666254635352008
-0.03127819548872174
0.034438156831042774
-0.016553067185978577
0.20353488372093018
0.20166493236212274
0.10276150627615059
-0.08936651583710407
0.24487427466150874
-0.0709867452135494
-0.046153846153846184
-0.19630484988452657
-0.03290129611166501
-0.04709302325581398
-0.006921675774134708
-0.09779411764705882
-0.11596330275229355
0.08513513513513517
-0.07918088737201362
0.13789625360230554
0.3442105263157896
0.17870619946091648
0.11640543364681305
0.03707865168539317
0.06140776699029129
0.08948948948948952
-0.04236453201970436
0.04199655765920822
0.017292576419213935
0.3071566731141198
0.5625
0.44268656716417915
0.32352231604342585
0.1522591645353793
0.23907692307692305
-0.29655850540806294
-0.4523985239852399
-0.14732075471698117
-0.0691312384473198
0.1334611697027805
-0.031563201196709086
-0.23110773899848255
-0.08510067114093957
0.09176136363636367
0.0014112903225806223
-0.05772151898734185
-0.10444444444444445
-0.07846994535519121
-0.05600858369098717
0.03143712574850299
0.06319218241042338
0.18896551724137942
0.2595978062157221
0.5399239543726235
0.4548022598870056
0.2959558823529412
0.12086513994910941
-0.06623586429725363
0.2212678936605318
-0.07930082796688137
0.03571428571428571
0.08097165991902834
0.0002476780185759077
0.1428399518652227
-0.11938202247191011
0.1782006920415225
-0.05505293551491824
0.17623456790123465
0.06547433903576987
0.30855018587360594
-0.03648208469055371
0.03022556390977447
-0.09088729016786565
0.15249795249795253
0.41088709677419344
0.0840746054519369
0.09672505712109672
0.27338709677419354
0.315451174289246
0.3109557109557109
-0.09398821218074649
0.22211764705882348
0.22660098522167488
0.40243531202435306
-0.05522788203753357
-0.28412570507655116
-0.3046086320409656
0.37279693486590043
0.4646090534979423
0.3164763458401305
-0.06610738255033553
-0.12388059701492542
-0.16928062216461442
-0.1292110874200427
0.10951724137931027
-0.21043652784746616
0.20702160493827157
0.06076335877862588
-0.2099125364431487
-0.036913767019667136
-0.3479504289799809
0.5153762268266084
0.162532523850824
0.28591549295774654
0.068705547652916
0.4757894736842106
1.0579617834394905
0.13144208037825064
-0.20710900473933652
-0.03267136450992953
0.0035749751737835754
-0.007455429497568919
-0.015053763440860242
0.13190298507462694
0.17313432835820897
-0.06244725738396621
-0.1850630455868089
0.28553633217993074
0.05496535796766746
0.34518297236743845
0.1279151943462897
0.32451193058568334
0.016451810926949022
-0.29108033240997233
0.47508532423208183
0.33152965660770023
0.19799713876967093
0.8691616766467064
0.2397297297297297
0.189056603773585
0.09801324503311254
-0.0219755826859045
0.03951219512195119
0.013628620102214651
0.18391959798994972
0.03922942206654987
0.1966666666666667
-0.2506437768240343
0.1232323232323233
0.19507109004739331
0.15940594059405935
0.20187793427230047
0.7017291066282421
0.19154228855721392
-0.23376623376623376
-0.14361054766734282
0.526797385620915
-0.08098693759071111
0.036807580174927114
-0.0962662337662337
0.34162768942937327
0.4445121951219513
0.3451247165532881
0.07910798122065725
0.47365792759051195
0.052808988764044974
-0.0350810295519542
-0.253475935828877
-0.04729064039408864
0.11707317073170727
-0.18782936010037646
0.14487632508833923
0.08976744186046517
0.21324041811846686
0.24015957446808514
-0.1398692810457516
-0.1199442119944212
0.0205761316872428
-0.14701986754966884
-0.06095661846496102
0.028181818181818183
0.2593833780160858
-0.03805209513023785
-0.13003952569169963
0.26548821548821555
-0.29830757910228106
0.3795795795795796
-0.07745098039215692
-0.25066666666666665
0.18696319018404906
0.10163701067615655
0.19113300492610838
0.24431599229287082
0.11922544951590601
-0.061011419249592136
0.5821343873517787
0.9910313901345291
1.3890109890109892
0.6975824175824176
-0.031106471816283877
0.0799266727772686
0.08188976377952756
-0.3388692579505301
-0.16849529780564262
0.16336546888694137
0.0921474358974359
0.06360360360360352
0.6139817629179332
-0.059541984732824425
-0.004864489228630994
0.16348246674727937
-0.015033301617507093
-0.20207015526164468
0.0891089108910891
0.2569060773480663
0.41842105263157886
0.08936170212765952
0.20411899313501156
0.18276450511945397
0.26339622641509436
-0.001759530791788923
0.3308005427408412
0.345679012345679
0.25286343612334794
0.1900726392251816
0.1554385964912281
0.01654778887303855
0.4079207920792078
0.10518053375196232
-0.0037943696450428673
-0.023792486583184176
0.09511465603190437
0.28169364881693654
-0.024200913242009185
0.10494845360824738
-0.2534611288604899
0.3844444444444445
0.15902688860435346
0.327529411764706
0.04085041761579344
-0.008472906403940909
0.18469387755102035
-0.1121597096188748
0.03716312056737595
