0.7215517241379309
0.27140664961636823
0.018047138047138016
0.1702433628318585
0.015021293070073629
0.0008928571428570921
-0.23375722543352606
-0.07888349514563107
0.024200913242009185
0.2565826330532214
0.3100977198697068
0.16435992942560276
0.11247216035634744
0.13682777399591559
0.12407628128724679
0.12070899708323984
0.18180693069306922
-0.3038512616201859
0.2842443729903536
-0.2046783625730994
-0.2485762144053601
-0.01846571622539039
0.03870445344129551
-0.0741433021806853
-0.0758672137262216
-0.11550587560905703
1.243820224719101
-0.0933281613653995
-0.09996149403157487
-0.028202893498344116
-0.015630041226026136
-0.002177161152614689
-0.06864974303068061
-0.036942932042750516
0.011471648639790232
-0.04559270516717325
0.045326370757180136
-0.08112215078901225
0.1376977366755902
0.17780713342140034
-0.05003021148036251
0.12908400168847622
-0.004636871508379863
0.01752148599944547
-0.017330342120022484
0.05573770491803279
-0.01263877028181038
0.01434308663224326
-0.1598224195338513
-0.08464923634480974
-0.12668621700879762
-0.028959276018099573
-0.03128295254833046
-0.18735440931780364
0.1860869565217391
-0.10936555891238667
0.25250000000000006
0.23037974683544313
-0.05094263939029282
-0.09270142180094783
-0.10486891385767791
-0.07266483516483513
-0.0857756307031669
0.31760154738878155
-0.22499999999999998
-0.04941253263707575
0.038536585365853686
0.18092307692307694
0.0895464601769912
0.1899091826437942
0.08730325288562439
-0.13598338771877783
0.01291677605670775
-0.05856550088915227
-0.03589971155979591
-0.05860337745321775
0.023526775711404886
0.0593704600484261
-0.04781211372064279
0.2066648153290752
0.11424870466321244
0.2207920792079208
0.14766977363515305
0.2429131136206499
0.23649561952440556
0.24524331433581767
0.30155269243475397
0.16138147566719002
0.11781548250265102
0.046250000000000034
-0.1667248400232693
0.1318407960199005
0.06746987951807229
-0.09603259704053188
0.05153010858835143
-0.10707327403642532
-0.06793731469716226
-0.048663741523733546
-0.05313604240282693
-0.05313604240282693
0.026843443516164217
0.025295884119413498
-0.1813414634146342
-0.02909423604757548
0.022545323999282062
-0.07584670231729047
-0.08621589561091343
-0.0502497285559174
-0.047698744769874436
0.03309132594573936
-0.0644724104549855
-0.0668970283344851
0.03458646616541353
-0.1115492957746479
0.049054301403294746
-0.06314907872696825
-0.03194244604316553
0.03479882760458298
-0.08853532990173142
-0.2805394990366089
0.06295570364562914
-0.0745795290725613
-0.23523035230352302
-0.0657121326299925
-0.17075794621026896
-0.01794409377817862
0.05768013405324896
0.017745046466771844
-0.008331436376052895
0.030209442669506537
0.05300687285223372
-0.015662421592853002
-0.011328644744345251
-0.008639787328311919
-0.008639787328311919
0.05137497335322959
-0.0012910166756320276
-0.0012910166756320276
0.005537396654489556
-0.09099526066350705
-0.08699315429173256
-0.03632741158890921
-0.03632741158890921
-0.008399046396479036
-0.029722500835840885
-0.029722500835840885
-0.06515609264853975
-0.08137119113573407
-0.032506793478260805
-0.032506793478260805
0.0019395058877856469
0.01427061310782241
0.025032708242477143
-0.03629955947136568
-0.03629955947136568
-0.04764720374476474
0.10472154963680387
-0.027144120247568564
0.044563143838229756
0.038118150227211954
-0.04740468534680745
-0.18900047824007654
0.0542967079948696
0.0542967079948696
-0.021565995525726987
0.02634367903103706
0.02634367903103706
0.08060701616081986
0.02928770393951449
-0.00984945139066086
-0.13578595317725747
0.029491656965463717
-0.013046258793434197
0.01968241521270332
-0.06328888888888894
-0.04645093945720251
0.06773362766740247
-0.058356696139745604
0.06996453238753036
0.03655454015166246
-0.059393128067826824
0.06268882175226587
-0.04766770324300319
0.1856279382135662
0.057417684054753906
0.2219584569732938
0.13321299638989162
0.09030006978367068
0.46028368794326247
0.25907473309608553
0.5691176470588236
0.35892514395393477
-0.003492063492063564
-0.124972972972973
-0.0725225225225225
-0.2723684210526316
-0.15587358378056057
-0.17920410783055202
0.012799999999999954
-0.05814393939393937
-0.1429718875502008
-0.08459383753501397
0.10312771503040838
0.034192509061619046
0.009713758079409116
0.09220111731843583
0.07563126252505002
0.024599375650364165
0.14125804853888055
0.05396544085068683
-0.12196162046908313
-0.27197802197802196
-0.10513447432762836
-0.04763860369609854
-0.08186886116272898
-0.17678571428571435
-0.07256166982922194
-0.0804968402702113
-0.06868804664723024
-0.06563658838071701
-0.051543942992874035
-0.2587131367292225
-0.12021739130434785
-0.018412698412698388
-0.10372771474878444
0.0344969199178645
0.07587548638132295
0.16448937273198558
0.16113671274961588
0.08744813278008294
0.21035485747527627
0.07980018732438336
0.10022123893805313
0.14409526959973534
0.013682092555332015
0.06361711139347727
0.07663865546218492
0.0
0.12102728731942206
0.23628736234923958
0.08250384812724483
0.004162724692526103
0.1997805814591332
-0.1417407988836561
-0.11914341336794283
-0.10457270080493242
-0.1468769325912183
-0.16801983266191503
0.03283241392429149
-0.018653069895899762
-0.034470046082949395
-0.10340447154471545
-0.13643533123028392
0.11230734867098507
0.15628105039034784
0.1734005428460643
0.09725078698845743
0.13434365946066418
-0.025774260151410905
0.18627316403568972
0.12268244575936887
0.15112285336856002
0.1606719793237131
0.15628105039034784
0.1596753524134986
0.15594421075935347
-0.11734167893961701
-0.033624161073825445
-0.13614330874604844
-0.05451383399209489
-0.061299388328649396
-0.10055025678650033
-0.03594144371529537
-0.08437871834098243
0.11512035522318308
0.06437221159974506
0.0947368421052632
0.1555869302137958
0.13029935275080903
0.0924036533749165
-0.06093749999999998
0.1214408233276157
0.2875471698113207
-0.02283205268935231
-0.022005208333333304
-0.0415730337078652
-0.010560000000000036
-0.10484210526315792
0.05198776758409786
0.2952520087655223
0.267461139896373
-0.04875000000000007
0.27343412526997846
0.26524064171122996
0.018644067796610195
0.5415384615384616
0.348091603053435
