0.04739583333333333
0.8254416961130743
-0.0012841091492776155
0.10493209435310934
-0.04885204081632647
-0.030270906949352232
0.06267450404114618
0.027404193781634195
0.013911796342775253
0.03128628169874736
0.03888354186718007
0.2779904306220095
0.11926182237600916
0.21496259351620944
0.02949917446340116
0.11846330275229353
0.2501792114695341
-0.05777777777777781
0.13344748858447486
0.07356568364611263
0.11416275430359944
0.14272997032640955
-0.004419191919191919
-0.019164955509924708
-0.027743526510480888
0.11205752212389375
0.004798255179934544
0.09627207325049054
0.07261509254864737
0.15473684210526323
-0.04817073170731711
-0.06515071390798521
-0.005952380952380952
-0.010450966356478103
-0.44
0.010403832991102016
0.1125117591721542
-0.1648671096345515
-0.08698850574712645
-0.05970149253731343
-0.12742060418280401
-0.20585729499467514
-0.26896551724137935
-0.2082420448617632
-0.2358356940509915
-0.1452081316553727
-0.24475183075671272
-0.18728943338437973
-0.13839122486288843
-0.046204140937159396
0.13210735586481123
0.2903064415259536
0.07989556135770241
0.24997867803837945
0.10831516661476182
0.3564996829422954
0.5493857493857495
0.2200758681062153
-0.0620024125452352
-0.09624250078939064
-0.10252100840336131
-0.06530868066436857
-0.07207933064766034
-0.030260521042084213
-0.06121297602256702
0.002535348610433846
-0.13903990746096015
-0.07621776504298
-0.26590308370044047
-0.13362208987547372
0.16387921022067367
0.4787061994609165
-0.07067773167358232
0.03492063492063484
0.06891651865008887
0.29570055639858367
0.304338510980182
0.21056787124202858
0.3418543740178103
0.5837078651685392
-0.19058823529411767
0.04833068362480124
-0.032517758484609346
-0.045559322033898335
-0.1361702127659574
-0.08719955282280603
-0.14690451206715635
-0.07113871635610773
-0.03293885601577907
0.06120295462539571
-0.012172088142707304
0.16671802773497696
-0.11178749308245711
0.24510869565217389
-0.014335260115606867
-0.14148837209302328
0.28666100254885307
-0.04291454594160188
-0.035437375745526814
-0.07037037037037042
-0.01071609954291514
-0.04693877551020408
-0.10764297167290224
0.07939444911690503
0.02715298885511647
0.1762004175365344
-0.43934426229508194
0.08640624999999993
0.10515390121689341
0.023335669236159744
-0.041066666666666606
-0.18309128630705393
-0.32051282051282054
-0.238287153652393
-0.1295005807200929
-0.10748459054886993
-0.16111111111111115
-0.08488830486202369
-0.18642533936651579
-0.06325727773406774
-0.04572127139364296
-0.05069191551347408
-0.18048611111111118
-0.0831398900427611
-0.10332728372655775
0.04039653035935566
0.19969909729187554
0.09560439560439564
0.1409523809523809
0.14021505376344096
0.11911468812877272
0.09303985722784062
-0.054650682100041266
0.11735941320293398
0.09430425378514777
-0.02733755942947702
0.07352941176470588
0.21046770601336304
0.36808510638297864
0.08019594121763464
0.026024723487312947
0.0018228217280349982
0.13987206823027715
0.10229276895943562
0.03121272365805178
-0.017926829268292737
-0.010440613026820011
1.0197860962566845
0.1307282415630551
0.027460168697282055
-0.10921052631578944
-0.13086419753086412
-0.10640732265446225
0.007338129496402911
-0.031073253833049343
0.23321730482347092
0.2136828644501279
0.2751495811727165
0.4390438247011952
0.08637316561844867
0.16352670878805287
0.1796706416808632
-0.2963730569948186
0.2138211382113822
-0.07501320655044902
-0.0833661417322835
-0.042857142857142906
0.017395676219205587
0.013175853018372655
-0.013359336908825008
0.010168612191958448
-0.00660448701789761
-0.06814814814814812
-0.14268001907486888
-0.24162219850586977
-0.07923497267759563
-0.41212121212121205
-0.16115702479338842
-0.041481971551439
-0.003968253968253968
0.07217521154803384
0.1424841477060798
-0.43070866141732284
0.14246575342465748
0.15244905255631036
-0.009682224428997022
0.015799803729146134
0.11268656716417906
0.0632152588555858
0.17248322147651013
0.08105413105413102
0.17524219590958015
0.1227586206896552
0.25187849720223815
0.05694267515923573
0.1493569131832797
0.2782608695652175
0.03870660960532577
0.09495305164319247
-0.08654496281271129
0.1485893416927899
0.19413680781758966
0.08857293312269605
0.07578729994837387
0.23561494409599126
-0.17183098591549292
-0.10666131621187808
-0.2086567164179104
-0.14745277618775038
-0.3373626373626374
-0.1010016694490818
-0.049705882352941176
-0.06590084643288996
-0.05513944223107573
-0.08849241748438898
-0.19507494646680948
-0.09810874704491726
-0.14212548015364918
0.16039603960396043
-0.12569245463228274
0.03071960297766754
0.03379867744305658
0.02863789092788839
-0.043651338366506455
-0.25834932821497125
-0.17653449212384573
-0.034055459272097015
-0.13323485967503698
-0.10751547303271443
0.025855855855855897
-0.11346977629700147
-0.18674765323025955
-0.23016353725015143
-0.04057971014492762
-0.11652173913043475
0.14363143631436315
-0.027307692307692307
0.0637831918970709
0.06421246384433338
-0.0434727901855929
-0.041968162083936326
0.05754560530679941
-0.04702970297029703
0.34301675977653634
0.8422077922077922
-0.22673824130879344
-0.019559554818849245
-0.0362406378352259
