0.11325107296137334
-0.0787018255578094
0.09883785279468736
0.14029632339491493
0.1503401360544217
0.09269415148609772
-0.16666666666666666
0.060579345088161235
-0.12664129400570887
-0.03031266560678328
-0.025404157043879907
-0.0908827785817655
-0.11867816091954027
0.0035087719298244726
0.09023437500000009
-0.07468477206595538
0.027300930713547028
-0.19925093632958799
-0.020780780780780727
0.03748723186925439
-0.07394366197183098
0.09380863039399624
-0.00684736091298139
0.05916334661354591
0.2260788430137625
0.25441896418448845
0.15920833333333329
0.28022722307188125
-0.024696211579699753
-0.010658771280533006
0.06624685138539045
0.34637681159420297
0.0462090623598026
0.09107922645040549
-0.04073107049608361
0.00934358367829684
0.25555555555555554
0.11611541168191415
0.05467811158798287
0.39814814814814814
0.008175779253960144
-0.043124999999999976
0.036386138613861356
0.0011661807580174263
0.06004021832806665
0.043984962406015064
0.1183078730904817
0.12089749230092398
0.11702127659574468
0.11182715589495244
0.10679730557256588
0.04239631336405533
0.15629522431259044
-0.13760972316002698
-0.12578972182932577
0.06584615384615378
0.11392757660167124
-0.085824493731919
-0.12030674846625761
-0.10748541801685023
-0.07506858157172823
-0.09745201853077431
-0.1800246002460025
-0.24204322200392928
-0.20332302936630595
-0.09531598513011155
-0.1272813238770686
-0.1906965049031934
-0.06361377351792681
-0.16138613861386142
0.22784363177805791
0.2788401947764498
0.24383686488949644
0.2753133514986375
0.21896969696969695
0.19149357072205742
0.28561580882352944
0.07236777063766688
0.060000000000000026
-0.01693121693121687
-0.11075110456553762
-0.10099999999999994
0.09144508670520234
0.15293342122610415
-0.2332155477031802
0.04261645193260654
0.08288770053475936
-0.031501057082452384
-0.09300680272108848
0.12757285510495212
0.08045240339302548
0.043484735666418424
0.1367788461538462
0.048749022673963964
-0.02936738247243175
-0.1600700525394045
0.21278008298755194
-0.1342960288808664
-0.030703826169107228
0.0011930585683297427
-0.16263552960800667
-0.14907597535934297
0.008679593721145051
-0.01951466127401411
-0.37158774373259057
0.03359746434231386
-0.09978154931944214
-0.08714337305886609
-0.06497790868924887
-0.06815042210283957
-0.0763313609467456
-0.03897707231040568
-0.004026845637583918
-0.013933236574746042
0.004738675958188121
-0.10292186474064347
-0.008159203980099547
0.18103975535168193
-0.10408163265306125
0.06980609418282545
0.13673723536737228
-0.13707567964731818
-0.1682526548062336
-0.20328631219965893
-0.18653555219364598
0.007133917396745989
-0.008830146231721061
-0.01659832704608821
0.027004219409282763
-0.03435047951176983
-0.02230727173318751
-0.06388702084734364
-0.34982578397212544
0.03842408145196998
0.0017441860465115839
-0.13027027027027024
-0.02671009771986967
0.0847694457382394
-0.08683127572016458
0.02550422901756672
0.12916666666666674
-0.01384615384615387
0.011159631246967491
0.010240655401945725
-0.1200249532127262
-0.12120383036935707
-0.07176470588235287
0.03350515463917526
-0.10546378653113088
-0.05536888239590939
0.09752688172043016
0.1445128205128206
0.05398457583547558
-0.0427035330261136
0.20906460945033747
-0.291005291005291
-0.10350877192982456
0.1014390789894467
0.1918995018410223
0.0837436419125128
0.06558558558558554
0.164
0.11090487238979126
0.2324352879027998
0.1728470111448834
0.5375886524822696
0.17506775067750685
0.2605504587155964
0.009442060085836942
-0.2215955361182325
-0.10896121266161388
-0.18023161863722054
-0.2062740273719821
-0.17346736514229077
0.13187772925764185
-0.2262112234227954
0.06182258552830754
-0.22553335590924484
0.0875796178343949
0.004775549188156638
0.10926548247719631
0.08074935400516796
-0.043048403707517974
0.008058608058608087
0.1269250125817815
-0.06277777777777784
0.22180434295948068
0.29522285714285723
0.17968982366687916
0.21276122721209426
0.31444311377245515
0.2342213114754099
0.17053061224489804
0.25510965935604285
-0.6687258687258687
-0.34931297709923664
-0.09982978723404251
-0.15932914046121593
-0.04625407166123783
-0.10229337948939857
-0.31736401673640163
-0.1330126277811185
-0.15040387722132476
-0.12893221089942403
-0.08119674304109074
-0.005868289502282112
-0.002282793867120892
0.05568655904226374
0.028571428571428525
-0.050953984287317594
0.07102974828375277
-0.03184713375796178
0.03377135348226024
-0.008701472556894244
-0.02918660287081337
0.0427966101694915
-0.09716150081566075
-0.1710330759143232
-0.17441696113074204
-0.1395609126130005
0.02811819595645415
0.17485537986887778
0.09244903818547229
0.03338188173609086
0.11423825344091117
0.05278026905829588
0.022513220851171013
0.08231522707034725
0.016232982939858663
0.02758405977584057
0.0568441526866035
0.0808066258552395
0.09934548027595973
-0.01656737588652485
-0.005166051660516521
-0.07962382445141059
-0.11969581749049436
0.028571428571428612
-0.0374007936507937
0.02468571428571431
-0.13360544217687081
0.1160054719562243
0.195811727163941
0.05733886983209972
0.03521386430678466
0.12276276276276273
0.020769087869217943
0.025179649324518515
0.5941176470588236
0.28002602472348737
0.28475157053112504
0.2246105919003116
0.06933901918976541
