0.1562401760452688
0.08927875243664708
-0.020159151193634012
-0.24952380952380954
0.0848275862068965
-0.07355491329479766
0.07307525010874293
0.03573943661971823
-0.0948751642575559
0.26788990825688075
0.19905511811023618
-0.5353909465020575
0.36869806094182833
0.40129799891833423
0.5763119533527695
0.44407185628742507
0.20274828232354772
0.16226306720275704
1.0592592592592593
0.06697892271662768
0.10142006413192858
-0.06731707317073177
-0.24666400319616463
-0.3722067039106145
0.5433447098976109
0.39196787148594386
-0.11507430997876861
-0.05961995249406172
0.17832167832167833
0.8832402234636872
0.19647713226205196
0.26830985915492955
-0.00236604036186506
0.08377551020408154
-0.10320924261874195
0.030923947203017
0.11889610389610383
0.31137724550898205
0.22730375426621155
0.26538187009279085
0.5855895196506551
0.28455223880597014
0.3726315789473685
0.14739039665970766
0.20329163923633967
0.7095785440613026
0.022064896755162294
0.03254830917874402
0.08687499999999997
0.26981254040077574
0.19163449163449162
-0.22428393524283938
0.09297075423293988
0.20864864864864865
-0.07495037713378332
0.17811846689895464
0.13210671573137067
0.08343079922027281
-0.01852654387865658
0.06020761245674733
0.0733727810650888
0.20822259136212629
0.2311265969802555
0.2867641248518373
0.055574912891986024
0.36208092485549137
0.32457446808510626
0.049042145593869685
0.07581967213114754
0.534028139656071
0.7136547994592158
0.6867498993153442
0.5547996976568406
0.05194805194805195
0.090807799442897
0.161634565330557
0.06599837442427524
0.014881334188582453
0.38389830508474587
0.1606436473348977
0.0915432708127673
0.3977401129943503
0.287295690936107
0.16793456032719833
0.1984069034185198
-0.12659176029962552
0.25982788296041315
0.16434937611408207
-0.02670906200317965
0.39645704162976075
-0.007151979565772698
0.39550650374458024
0.14332953249714941
0.9716117216117216
0.0014349162965493058
0.310011871784725
0.03526593195975079
0.08165289256198349
-0.05217391304347826
0.1920849420849421
0.17264296754250394
0.17623762376237623
0.2589226823012092
0.33802325581395354
0.30224347186465617
0.28
0.17857683573050726
-0.012017640573318607
0.19839500668747215
0.284521384928717
0.21555312157721793
0.04148936170212762
0.43180788400543724
0.3712971481140753
0.2743237945903568
0.604553415061296
0.1025746652935119
-0.11582608695652177
-0.053186151530356246
0.076713572401271
0.0344703770197486
-0.11251826595226498
-0.048465414567109566
0.19112271540469972
0.056140350877192984
-0.03218477849299508
0.0381322957198444
0.4243531202435311
-0.10139275766016707
0.2411547911547911
0.14140249759846307
-0.08763586956521739
-0.14096504185130476
-0.035489910547118864
0.09868421052631579
-0.3310674964097654
0.05284857571214393
0.16569222283508003
0.22300000000000006
0.05486725663716817
0.02171893147502909
0.17963917525773188
0.09511568123393316
0.08801843317972344
0.12919660352710644
0.1370611183355006
0.63099173553719
0.7274642588412341
-0.05033860045146729
0.44981549815498145
-0.1769303647560398
0.03444316877152698
0.18848283499446286
-0.009782608695652235
0.13399239543726238
-0.0016073478760045663
0.11613722998729344
-0.05812274368231055
0.3105118326912492
0.29236430542778286
0.37584982242516496
0.23365949119373772
0.19710959454034524
0.019387483355526015
0.1281695286810377
-0.09489414694894152
0.3467741935483871
0.1997361477572559
0.03846872082166204
0.25194610778443105
0.09765315452605916
1.0234567901234568
0.00984251968503937
0.0025761124121780393
0.31978771796815764
0.2804012345679013
-0.18265895953757222
-0.17170124481327798
0.1825161887141535
0.0955570745044429
-0.09547977795400484
0.1337362637362638
-0.09458333333333337
-0.03137724550898209
0.2463087248322147
0.11642917015926244
-0.027148437499999956
0.025255623721881438
-0.004117647058823463
0.13649868919312552
0.15924394565859415
0.1593625498007968
0.12114695340501797
0.12294887039238998
0.1360995850622407
0.2273513513513513
-0.040386940749697675
0.26045469100224145
-0.05773021684032667
0.3311081441922563
0.4850996015936255
0.20525931336742148
0.20255754475703322
0.06724409448818905
0.4433297758804697
0.1414457831325301
0.24008146639511205
0.2258426966292134
0.23476070528967252
0.07247191011235955
0.0952484980884763
0.08271186440677972
