0.36905585763717247
-0.02905982905982911
0.4448955916473318
0.3136081309994354
0.4191033138401559
0.3652470187393526
0.3470967741935484
0.08859649122807021
0.37284263959390856
0.3516378796902919
0.07525773195876286
0.058003442340791814
0.309090909090909
0.08523908523908524
0.018335343787696076
0.04439655172413798
0.3217507517540929
0.021199524940617605
0.08420589529256493
0.10229419703103917
0.08214777420835245
0.24608853850818688
0.08900045641259699
0.15546831183398757
0.17001071046054975
0.018181818181818146
0.28158984267181886
0.35977193538169155
0.345183714001986
0.11845819761129198
0.7015706806282722
0.5187116564417179
0.06785714285714285
0.22883054892601437
0.7568627450980391
0.09512605042016811
0.1624750499001996
1.465217391304348
0.17869415807560138
0.23272861902998887
-0.051961639058413174
-0.10039215686274512
-0.11188026192703464
-0.05277777777777783
-0.07077791213220472
0.027286663260092024
-0.19229508196721312
-0.09622960045019696
-0.15730337078651685
0.030793525463876825
-0.06185770750988145
0.11320182094081946
0.25526570048309183
0.06918382913806258
0.06533055700156169
-0.006670637284097705
0.002165543792107796
0.06526267067808378
0.0024949877478279837
0.051518498067366074
0.04813796550862293
0.13042886317222593
0.08011417697431022
0.06387225548902195
0.024593682919349838
0.06179987413467593
0.10977284733227691
0.06897666897666906
0.0409137055837563
-0.026619026351049534
0.05233498565092615
0.013875365141187927
0.027509529860228688
0.02543186180422265
0.1984218077474892
0.23696005196492365
0.2111334674714956
0.33980848153214765
0.2359563807839671
0.22060377358490563
0.1896004378763
0.2904820766378245
0.1883284922101927
0.14901825697554252
0.340815502624142
0.23271177410761865
1.0551020408163265
0.5866666666666668
0.9377049180327869
0.34166121648136044
0.08098530682800349
0.16524344569288382
0.11995977878330814
0.21504802561366063
-0.017805383022774374
0.18412228796844185
0.1395007342143906
0.04095486758672144
0.1413152251608292
0.0998260869565217
0.006150583244962836
0.06955052382561683
0.30175732217573215
0.33347368421052626
0.15405405405405412
0.3501387604070305
0.18675958188153305
0.26773572803078904
0.11309707241910628
0.13404689092762487
0.3337267362687244
0.31461741424802103
0.23482280431432964
0.06129753914988809
0.009583333333333381
0.28493807431082696
0.1611883085769047
0.3938879456706282
0.12703777335984098
-0.12694951410286795
0.10663909947162872
0.5157142857142857
0.26002656042496675
0.6293043907252096
0.2917981072555205
0.11941678520625895
0.45272331154684087
0.4167794316644114
0.7037608486017357
0.3079554710833559
0.13936381709741547
0.3144887916894477
0.2445664105378705
0.4626095423563777
0.3354591836734694
0.1966861598440546
0.2784273150543196
0.24171974522292985
0.31010845986984825
0.2433529411764705
0.49894929191411597
0.07389131792629604
0.11873159682899204
0.22273324572930356
0.30459587955625983
0.11503150315031506
0.10903304773561803
0.02724177071509648
0.08278481012658225
0.03879250520471901
0.08285550458715596
0.041453214845791925
-0.05210446794733426
-0.03605472197705199
-0.02766323024054987
-0.09005376344086022
-0.11635944700460829
-0.07697947214076246
-0.1379672536299042
-0.13108265424912696
-0.18247515808491419
0.011561219845243555
-0.04134468456668842
0.0852374100719424
0.07930660888407363
0.0553543714433523
0.0556200527704486
0.15169340463458109
0.11292448048656877
0.055320221886031175
0.02024675735526732
0.08684003152088268
0.11518737672583822
0.105916813122437
0.10438981562774372
0.03354958294717335
0.1229415461973601
0.1351773902585688
0.10351288056206082
-0.10927487352445187
0.16591099916036936
0.19408284023668645
0.18496583143507983
0.13717834960070976
0.45959183673469395
0.038607594936708886
0.19762611275964398
0.042753346080305996
0.13589403973509936
0.21457068516912411
0.11003382187147691
0.08653401203146692
0.3611678832116788
0.12601046124583928
0.1446601941747573
0.13828444114370594
-0.04109862671660422
0.019616204690831533
-0.026851851851851818
0.1741283476503284
0.2628591450595655
0.030769230769230795
0.04756050710718409
0.1398821218074657
0.1345692475463469
0.18964757709251107
0.21102175969725634
0.3135384615384615
0.1358985570616529
0.20615229450327796
0.13468869123252858
0.32500000000000007
0.0250375262683879
0.1937690484253301
0.08875883930748597
0.08906613492854769
-0.05742971887550205
-0.09535374868004219
0.08245505269683819
0.052689873417721446
0.1541415662650603
0.32820512820512815
0.1773297002724796
0.20735785953177258
-0.06331877729257641
0.22362204724409446
0.35513428120063184
0.09539422326307576
0.1515647568608571
0.21194029850746263
-0.034109263657957224
-0.03343108504398831
0.018089315997738834
-0.03495145631067956
0.013214285714285673
0.13071690214547366
0.061293031066330814
0.033731739707835294
0.2763142350856469
0.13819548872180448
-0.08531139835487664
-0.041434812600597795
0.008437314319667287
-0.029687850887042403
-0.08162100456621005
-0.015492957746478941
0.04406779661016947
0.022845691382765484
0.024206708975521348
-0.0036904761904762175
0.03131672597864769
0.03168949771689502
0.05455564900476589
0.061033341817256344
0.08697662471101987
0.08331945600888144
0.12758142758142751
0.15928961748633882
0.0546811819595646
0.3263751763046544
0.22014388489208644
0.3089812332439678
0.21689895470383275
0.2717141920681744
0.23997620464009523
-0.11311475409836064
-0.14061433447098973
0.16269270298047273
-0.02944038929440395
0.027946324387397952
-0.026108510052327234
0.12491803278688525
-0.01412444211079028
0.29823999999999995
0.06849056603773576
0.03925155925155929
0.2577456968350915
0.10146804835924007
0.15260398462076194
0.10215364834458379
0.064
-0.08542372881355928
-0.2191082802547771
-0.012477064220183402
0.15951143451143457
0.1947565543071161
-0.005361930294906166
-0.18716744913928013
0.053724501489800514
0.05673640167364019
