-0.02961403508771933
-0.15090909090909094
0.009095716552088866
0.48630071599045355
0.06421378776142532
0.22550335570469796
0.12252042007001167
0.20078740157480315
-0.28364107547781015
-0.2696239966201944
-0.0647755439272927
-0.126649528706084
0.5719220055710306
0.6670339761248854
0.6035532994923857
-0.37158590308370043
-0.2490106544901065
0.15904669260700388
0.1705913134484563
0.4892048446550816
0.49130199891950305
0.3222853087295954
0.48597187161918515
0.06641104294478521
0.17331420373027254
0.30307778399552315
0.30341019811627146
0.6468508287292819
0.5870967741935484
0.8898409893992935
0.281781672143118
0.3490140845070422
0.32941176470588235
0.24354066985645922
0.1778010471204188
0.1232997481108312
-0.14220333442301406
0.04555066079295158
0.15737166324435312
0.08385460693153005
-0.013302601251234801
0.0925396211828373
0.5256637168141592
0.01640552995391701
0.17203166226912922
-0.09411075300322291
-0.005487804878048758
-0.1186860068259385
-0.05122103944896678
0.045535296867695224
0.10289901242433896
-0.0766304347826087
0.3459715639810427
-0.09900090826521345
-0.14537223340040242
0.011621799080761684
0.31934959349593495
0.15308411214953266
0.19955131800336523
0.1541366906474821
0.13369369369369377
0.18165137614678908
0.04496288441145278
0.33270676691729323
0.2511764705882353
-0.1501766784452297
1.3441696113074204
0.6746056782334385
0.4957303370786517
0.010797237915882012
0.4871873404798367
0.4057581573896353
0.43353293413173655
0.05524135961153959
0.4673796791443849
-0.12235673930589178
-0.23261823500731346
-0.2200913242009133
0.05011764705882353
-0.10611916264090174
0.08090671316477764
-0.027429359062715337
0.16444174757281554
0.19521302058401158
-0.31959092361776925
-0.0865342163355408
0.2190118824265166
0.05313935681470145
-0.22425149700598795
0.1120441988950276
0.10377761938702773
-0.17713717693836983
0.09271523178807947
0.8763285024154588
-0.1484599589322382
0.16275460717749754
0.08091106290672453
0.27560664112388245
0.06728832525177177
-0.05131995776135166
-0.10643415514131088
0.03194478678826728
0.06855745721271385
0.03262243285939965
0.16879749664729543
0.17721832439125054
0.20545369064409968
-0.15328244274809158
-0.05687919463087251
0.1112319825945064
0.12948409516172138
0.5800475059382422
-0.3753158406219631
0.10377804014167648
-0.025766526019690553
-0.018105263157894735
-0.051467116357504186
0.059750838524197325
0.21528136293236966
0.5184482758620691
0.08041610131162379
0.09629186602870814
0.061623931623931545
0.027772600186393246
0.2205841446453408
-0.05100840336134457
0.19600748596381787
0.045249487354750546
0.6275119617224879
0.8029154518950437
0.24873096446700507
0.08194864048338368
-0.018683484430429678
-0.21081382385730216
0.03076109936575055
-0.10248756218905469
-0.19357870007830857
0.13986745727241018
0.5249146757679182
0.20808240887480184
0.5215007215007217
0.3240423203210506
0.3074853801169592
0.597753956100051
0.38517985611510797
0.1430260047281324
0.38559077809798276
0.3261344816164293
0.26042741341193815
0.6885639686684073
0.16797752808988767
0.34108303249097477
0.183943661971831
0.4303490136570562
-0.09056087551299596
-0.13622377622377624
0.2910591471801926
-0.1675149700598802
-0.05725288831835687
0.06285975331201457
0.0649275362318841
0.2354957160342717
-0.016524472384373677
0.2353806781829815
0.7692101740294512
1.0261194029850746
0.34260332174584784
0.4227251296558227
0.08858057630736393
0.37684993799090527
0.4199040767386092
0.19084406294706716
0.2613389414651244
0.22445223488168264
0.0896639188332277
0.10832622904234153
0.5265424912689173
0.6977099236641222
0.3709923664122137
0.28124765125892526
0.21304347826086953
-0.2388023952095808
-0.2680109990834097
-0.26819736199316074
-0.40043795620437955
0.12155688622754494
0.3888953828170661
0.2138169257340241
0.4541994750656167
0.21624649859943976
0.46936208445642413
0.043389830508474614
-0.0656902233614061
-0.15621716287215412
-0.055826771653543376
0.02848639455782313
-0.046776406035665324
-0.26916043225270153
-0.3383512544802868
-0.1303092783505154
-0.004608661104489435
0.14644549763033177
0.1541446208112875
-0.017629179331306966
0.5648217317487265
0.40272217774219377
-0.2180821917808219
-0.14800601956358167
-0.04512485136741979
-0.16737327188940093
-0.0619015047879617
0.11498015873015882
-0.15861690450054886
0.02402088772845945
-0.20756302521008405
0.06040156162855547
0.23352984524686815
0.33560975609756094
0.2160583941605839
0.09606392423794019
-0.27835531419705195
0.0071979434447300775
-0.022545031958163833
0.168270944741533
0.007954545454545487
0.030818965517241403
0.07718654434250767
0.4093701996927803
0.04697163301814469
-0.2149131767109295
0.17515274949083504
0.44360902255639095
-0.4018121125417262
-0.4936285097192225
0.06359807460890496
0.09565768621236138
-0.16999180103853512
-0.058896852602056717
-0.06820551005212216
-0.12860571677940216
0.39455337690631814
0.6148278905560458
1.1038297872340423
-0.07824648469809753
-0.20784753363228697
0.037227214377406934
0.20267802799756543
0.4528891910265124
0.28453757225433524
0.34507337526205456
-0.025041816009557988
-0.15525033229951266
0.4896848137535816
-0.11011730205278596
0.14629009095260886
0.10218631178707224
0.3735424480054551
0.34882352941176475
0.20220588235294118
0.09508196721311467
0.044444444444444495
0.11251518833535848
0.25326781326781334
-0.2968092328581127
0.23237410071942435
0.1283903675538656
0.050728862973760974
0.019666666666666718
0.005872756933115799
0.04087591240875917
-0.04397309881013968
-0.02857142857142849
-0.0539817629179331
-0.0016641452344932266
0.08321167883211672
0.033267550042289255
0.20011077263915822
-0.08036951501154738
-0.1771232876712328
0.13267605633802812
-0.1109704641350211
-0.22162921348314601
-0.07207702888583216
-0.06052631578947372
