0.047220946256316114
0.0875718708536046
0.003218390804597736
0.08576528335564472
-0.04574368568755845
0.0770262716601453
-0.084952380952381
-0.11077389984825493
-0.20725659096841556
-0.08885887913571905
0.11717597471022133
-0.18846694796061886
-0.07751937984496124
-0.1936908517350158
-0.13268292682926824
0.2273548387096775
0.06540016168148755
0.09660818713450299
0.051072736787022455
0.058038422649140636
0.01763668430335097
0.2945355191256831
0.2646198830409357
0.27622895622895627
0.21558441558441557
0.1931940298507462
0.025000000000000046
-0.24320712694877503
-0.03179538615847547
0.03893543617545589
-0.060085836909871244
-0.1250914411119239
-0.08293612964728313
0.09017400204708281
0.007661290322580706
-0.06998444790046657
-0.045168067226890755
0.27696793002915454
-0.024597553122987795
-0.018869209809264337
-0.015644680145840178
-0.0579802259887005
0.07736720554272518
0.08802469135802464
0.05412054120541206
0.10582677165354337
0.016916167664670592
0.06439854191980558
0.10199637023593475
0.04482758620689662
0.003434343434343373
0.22763784887678698
0.00300415468200706
0.18571428571428572
0.1353413654618474
0.07343378271213316
0.11122244488977956
0.13132982719759576
0.14333191308052837
0.022899262899262855
0.004134762633997007
0.02329411764705877
0.1656497175141242
0.011579609817495336
0.13245214220601637
-0.004219409282700422
0.06040955631399313
0.0330623306233062
0.7344262295081968
0.539864864864865
0.3360283687943262
0.0579652605459058
0.1179991799918
0.17260726072607271
-0.028544862854486326
0.09574588769143502
-0.144969696969697
0.02631578947368421
0.0062458471760797945
0.03085774058577406
-0.06749482401656319
0.0176884422110553
-0.38984771573604055
0.04758620689655176
-0.11686046511627904
-0.2519568151147099
-0.22376987130961387
-0.1451513821851689
-0.04053627760252373
0.08686416992733376
-0.08763537906137187
-0.0882461994809047
0.03787878787878788
0.05498753117206985
-0.08868552412645583
-0.04328223624887286
0.01095759885659838
0.017829457364341172
0.10724637681159414
-0.06417959722680756
0.002036659877800407
-0.06049442559379542
-0.07499221426346939
0.06524590163934431
0.225716026812919
0.043795620437956206
-0.01757890531362365
0.13170731707317063
0.058174523570712136
0.18524137931034476
0.2203935599284436
0.13920406435224394
0.08757763975155276
0.1182539682539683
0.2609137055837564
-0.0580645161290323
0.28274428274428276
-0.018604651162790697
0.3279766252739226
-0.09793637145313851
-0.48038277511961724
0.25628742514970065
0.025380401704199664
-0.008300704776820602
-0.01950375072129253
0.27793159609120516
-0.10536144578313258
-0.009956709956710006
0.05092250922509225
0.06800547695116385
-0.02063037249283659
0.25208333333333344
0.2490620490620491
-0.034934497816593885
-0.0035714285714285375
-0.07390029325513199
-0.012108843537414935
-0.022099447513812154
-0.0208154506437768
0.0062665958576739005
0.03967704728950401
-0.05312767780634105
0.008300395256916936
0.018475236505286614
-0.09355797819623383
-0.05288229202623397
-0.07926174496644289
-0.07592310039670436
0.014416865011900745
-0.07393600497048773
-0.09362466327446878
0.08981481481481482
0.06759443339960239
0.013109243697478914
-0.029800307219662082
0.07209026128266038
-0.011627906976744186
0.21724941724941735
-0.14625476089716458
-0.001152073732718894
-0.17050691244239632
-0.08953377735490012
-0.06522177419354844
-0.08056338028169015
0.04527220630372501
0.03860247123988066
-0.03443344334433438
-0.0016528925619834947
-0.0984269662921349
-0.1373134328358209
-0.2558704453441295
0.13375394321766565
0.13959794296400183
0.13112582781456958
0.11446028513238299
-0.010670136629798368
0.027527723418134406
0.05396825396825397
0.17587548638132292
-0.03208333333333328
0.5591182364729459
-0.09359823399558502
0.1742011834319527
0.21482479784366573
0.23504721930745015
0.10661853188929003
0.008408728046833397
0.10008481764206956
0.06421152030217187
0.13654066437571596
0.18764940239043834
0.03707713125845729
-0.09240374609781472
-0.0604371584699453
0.02273684210526318
-0.036080467229071975
0.012542603953646961
-0.006347016212487096
-0.044658325312800715
-0.09268738574040214
0.12763636363636371
0.052070263488080304
0.005307735742518403
0.03446913580246923
0.02979970688812897
0.17198755002223218
0.25119680851063825
0.004631161098246774
0.45232876712328773
0.5624472573839663
0.6453531598513012
-0.11306451612903229
0.05498371335504892
-0.1344165435745938
-0.12004680187207495
0.11569965870307172
-0.4012158054711246
0.02640736949846464
-0.02013034033309193
0.033094736842105225
-0.06693744922826977
0.004114832535885124
-0.029914529914529916
-0.07788740568775394
-0.2756892230576441
0.09887780548628423
0.28042959427207637
0.4746166950596252
0.16545105566218818
0.10174593618302227
0.131585518102372
0.17632711621233857
0.22248144220572635
0.15214979195561726
-0.06825444678926744
-0.07165594310870298
-0.09069385070700434
0.026381724392041235
-0.07196002220988335
-0.03676913803496082
0.276770538243626
0.39104938271604933
-0.0466188524590164
0.006075949367088646
0.039416058394160625
0.0334200260078024
0.058217962371317
-0.11722027972027974
-0.045012165450121655
-0.041967586010804636
-0.13246930422919512
-0.17451737451737448
0.06273584905660383
0.15956284153005465
0.13638814016172512
0.1280050346129642
0.20104166666666665
-0.30791366906474815
0.023076923076923002
