0.9739130434782609
0.2008861622358555
0.3329137822529893
0.04060698027314118
-0.10658882402001664
-0.24865424430641828
0.2793248945147679
0.18053097345132743
0.11263620722615175
0.1749999999999999
0.23119669876203566
0.011423550087873463
0.4667597765363129
0.28252032520325204
0.05859284890426754
0.26961038961038963
0.014821591948764909
0.012139737991266455
0.1022023276633841
0.09002601908065912
-0.007578947368421021
0.8039800995024877
0.38086124401913884
0.13192727272727267
0.3735555555555556
0.07189349112426038
0.03819444444444445
0.16458429030776306
-0.05589950650515922
0.10666666666666667
0.06427440633245377
0.07637051039697539
0.21376384633514023
0.4666666666666668
0.06917188587334731
-0.07613636363636364
-0.025131414267834815
0.1620412267471092
0.1809393023894535
0.06621669626998226
-0.37943262411347517
-0.03023758099352052
-0.0629464285714285
0.037044182905653096
0.07582671109971807
0.05398406374501997
0.018095405738426367
0.15991448423303037
0.04597077244258869
-0.029822616407982193
-0.09534762153685315
0.006354515050167148
0.2071291682637026
0.20165354330708654
0.15226791013141153
-0.05605121024204837
0.07896622313203694
0.11040830776492806
0.11867219917012457
0.1267452402538531
-0.006818181818181818
0.03482362592288765
0.47840290381125233
-0.04368779465688847
0.0025544703230654326
0.33217391304347815
-0.027076559266922824
-0.12084805653710243
-0.07573872472783821
0.052941176470588165
-0.029097133076593923
-0.006063685636856399
-0.0801149251474369
0.3536105032822758
0.2970437017994859
0.2596129837702872
0.07446808510638298
0.11032459196772426
-0.2121532364597094
-0.002824004034291432
0.046138996138996094
0.12407643312101908
0.1290504103165298
0.1734921816827997
0.14961896697713806
0.0913329095147277
-0.031553578049684804
-0.016091954022988554
0.0948979591836735
0.0006324110671936999
0.11493276716206659
0.18294304712344614
-0.341712204007286
-0.3673575129533679
0.11062410671748443
-0.0009777560498655585
0.010862619808306792
-0.08190331561629965
0.43213559322033906
0.31114503816793887
-0.0880173243503369
0.09096185737976786
-0.046925441967717106
-0.13694852941176472
0.15181337707308182
-0.20633556192295444
0.12569169960474302
-0.03642679900744414
0.13291684618698837
0.22059553349875935
-0.15990080122090802
0.11708355508249069
0.10164823701230959
0.20625832223701723
-0.1371663244353183
-0.18548447437336332
-0.04152542372881358
-0.130632911392405
-0.17072072072072075
0.3499999999999999
0.029430051813471438
-0.0002936241610737492
0.7081218274111675
-0.025042881646655205
0.3408333333333334
0.4878260869565217
0.012350457424349018
0.03353480210567362
0.08171947706625309
0.06766015758821514
-0.09214977591441371
0.2172786177105832
-0.05238558909444981
0.1414814814814815
0.24436296975252053
0.1772304832713755
0.3783876500857633
0.2643294379521425
0.014497041420118276
0.13065502183406105
0.5795454545454546
-0.06153846153846161
0.34937292039928336
0.08594693984764902
-0.05515380464112253
0.03466032020770225
0.046140035906642674
0.051651254953764894
-0.23370206489675524
-0.00569877883310715
0.12154865002547117
-0.11869918699186989
0.23696661507848776
0.225317564607972
0.015939278937381403
-0.23240740740740737
0.0004912907548012099
-0.12359154929577468
0.26666666666666666
0.1252124645892351
-0.02112747587607918
-0.18576779026217222
-0.011989389920424354
0.08025727069351231
0.06670071501532171
0.08890728476821187
0.0671806167400881
0.19822784810126584
0.13176895306859207
0.0010020630710286151
-0.045710543549443323
0.14067956583294003
0.088048615800135
0.029854096520763256
-0.029890643985419227
0.006967418546365961
0.15179052753176736
0.12398017537171171
0.09248488338612146
0.3827665896335423
-0.2554545454545454
0.04147031102733271
-0.15384615384615385
-0.00659525309808856
0.14268965517241386
-0.006939281288723696
-0.0014717273431449193
0.182061855670103
0.46869009584664534
0.6869999999999998
-0.030171073094867773
-0.04110231603635292
0.038261943986820465
0.04281946775353641
-0.055928509154315686
0.5267558528428093
-0.08094006037084943
-0.18748
0.1594594594594594
0.1250431778929188
0.18015170670037928
0.17001885606536768
-0.058823529411764705
0.0963696369636964
0.16743886743886746
0.014111635220125821
0.01813725490196082
0.08000000000000008
0.02376856919468342
-0.1048635824436536
0.2497648165569144
0.014154447702834728
0.03104575163398693
0.10811601267365352
-0.09231909113361328
0.4490066225165564
0.05599999999999996
-0.01584699453551921
0.06941351150705272
-0.005930515600796677
0.1473394495412843
0.1651558984249438
0.3121893491124261
0.5124657534246574
0.09831010969463383
-0.018296667392724897
0.0686881188118812
-0.07202472952086557
0.2616157711635099
0.019809322033898354
-0.09620681323991298
-0.13461803165863734
0.25937859608745695
0.11485587583148561
0.11431616341030201
0.42587412587412593
0.5540436456996147
0.13466386554621854
0.32062256809338513
0.26743362831858414
0.20000000000000007
0.016609783845278794
0.013384813384813355
0.027081649151172192
0.0017341040462428403
0.014160305343511415
0.024678022434565888
0.023404255319148935
-0.038461538461538464
0.13452288595810713
0.9443467336683418
1.3042071197411003
0.08575667655786344
0.18942872397223715
0.1320528707145807
0.20005730659025783
0.23486399532026908
0.38627450980392164
0.48066037735849043
0.6414130026305901
0.26242884250474374
0.39296266451786194
0.09390243902439027
0.20247787610619464
0.13329787234042548
-0.2889655172413793
-0.2632258064516129
0.15498098859315587
-0.09436893203883495
-0.12341040462427742
-0.0007211538461538735
0.4980609418282547
