0.34533762057877804
0.39349593495934965
0.14585365853658533
0.03416965352449226
0.10198105081826007
0.07116022099447511
0.14864021399910837
-0.15331230283911673
-0.1337474120082816
-0.1651515151515151
-0.12392065344224043
-0.050957854406130314
-0.19906542056074764
-0.1748331744518589
0.22361937128292272
0.17442273534635888
0.07798742138364784
0.12192758796532377
0.12641878669275933
0.170014012143858
0.13486921046316294
-0.025096088627628306
-0.03711484593837535
-0.2597551020408163
-0.05977389516957866
-0.01577645895153318
0.16699380165289265
0.266395599138962
0.2090666666666667
-0.010056369785794895
0.13626223537445945
0.026613965744400486
0.08603660065179239
0.32355702844518097
0.05808192298258528
0.28642726719415695
0.14538310412573674
0.23903903903903914
0.12190214906264285
0.14277136258660503
0.21761138940152905
0.2775893555961388
0.26626078132927455
0.20979156568104712
0.15778390574078707
0.11123132405976306
0.20864680019540788
0.1930950644298565
0.0381322957198444
0.027150537634408663
-0.043697478991596664
-0.04318813716404069
-0.08573784006595218
0.021632653061224538
0.11665524331734067
-0.010103626943005123
0.08444881889763775
0.20355029585798826
0.23331438317225703
0.4095031055900622
0.42207336523125993
0.44115474991607917
0.3504823151125402
0.16962616822429913
0.4948905109489052
0.26201279813845263
0.29016393442622945
0.3734279918864098
0.3227906976744186
0.640625
0.24838885854724205
0.03365222284749576
-0.079554540262707
-0.01789814542243161
0.013647310677013648
-0.1263816475495308
0.17517594369801662
-0.23341443633414433
-0.1390296264491198
0.14567307692307685
0.07018592297476763
0.06460506706408349
0.07604017216642754
0.026057425131213365
0.0009725400457666164
1.1228826151560178
0.21369528001956473
0.8838815789473685
0.01623931623931629
0.023236741388737013
0.1538711927458731
0.032703117015840576
-0.02968091511137866
-0.22429216249487072
0.08273514851485152
0.14585152838427945
0.08359960873818066
-0.1253150057273768
-0.10215827338129496
-0.2474950690335306
-0.13269896193771624
0.08324360699865413
-0.2785681078568108
-0.08838568298027757
-0.2820474219044035
-0.12741514360313314
0.3293103448275861
-0.05608465608465606
0.02011385199240991
0.2912912912912913
1.267777777777778
0.03783783783783788
1.8333333333333333
-0.189453125
-0.16923076923076924
-0.24780487804878054
1.372093023255814
0.1282896673535473
0.1595854922279793
0.09282450954044615
0.07458203457069987
-0.06307837582625114
-0.003873319662793347
0.12106807511737086
0.0047936743266617475
0.2398891966759003
0.39897473452947635
0.18106370543541786
-0.041445182724252565
-0.1931962025316456
0.09945732609768125
0.31759521561221277
0.051020935642284854
0.21754989676531308
0.1272941176470589
0.06134453781512603
0.1546928746928748
0.1486740804106074
1.0265144863915714
0.11805555555555555
0.0007060010085729152
0.21236117817479488
0.06256817055032217
1.240643274853801
0.05333333333333327
0.15210946408209802
-0.11476407914764075
0.30323785803237857
1.3145833333333332
0.8807291666666666
1.082828282828283
0.7430008382229674
1.4575539568345326
1.0789473684210527
0.9663716814159291
0.7272727272727273
0.3797101449275362
-0.08945686900958466
0.06826923076923072
0.2926829268292683
-0.05846153846153842
-0.6845238095238095
0.12567567567567564
0.5
0.34177215189873417
0.23030303030303031
0.1750425411230856
0.4128205128205129
0.021511017838405037
0.34962962962962957
0.29329896907216496
0.37994428969359323
0.2161702127659575
0.27645494830132944
0.15031645569620253
0.04435797665369647
0.05623003194888186
-0.040535372848948356
0.06309012875536475
-0.06559610705596104
-0.14047619047619045
-0.15779220779220787
0.18378143972246322
0.017984189723320203
0.2276729559748427
0.3446465851476291
0.28300492610837436
-0.028464419475655516
0.23632103104862337
0.13759750390015607
0.07176470588235287
0.34938210578348994
0.3823696682464456
0.31864168618266986
0.10080971659919019
0.2704575744113728
0.25888300433317274
0.22772277227722773
0.40849114233353684
0.3875308033514047
0.033350649350649374
0.34678217821782176
0.237873087534487
0.25215123859191657
0.39809337570276226
0.09350520575111547
0.3171646162858817
0.16896923907177544
0.27925195855446044
0.25200405885337385
0.2781474580782539
0.3292831723436705
-0.11322033898305077
0.051182795698924755
-0.15000000000000005
0.08384512683578098
-0.3133858267716535
-0.11927927927927925
0.07750362844702464
0.09458321639068201
0.0018210361067504497
0.06823720552396426
-0.06450000000000007
-0.039834975933990414
-0.07974059662775619
-0.1744194107452339
0.04143862392494136
0.6755223880597013
-0.14826353421859037
0.17411907654921016
0.18867924528301888
0.7656041512231284
0.1668145519077196
0.2145748987854251
0.2667004818665991
1.4607669616519174
0.0986683183648188
0.05800865800865803
0.02218817039534174
0.048556876061120496
0.3215286624203823
0.05161923454367018
0.09393305439330539
0.09566854990583802
1.000425230333097
1.2441558441558442
0.8215851602023609
0.07211478477854018
-0.3687150837988827
0.45806451612903226
2.3125
0.16018411967779056
0.2305555555555555
0.031880108991825584
0.07497630331753546
0.13658536585365846
0.38536585365853665
0.09844236760124618
0.0893518518518519
0.11406003159557669
-0.04340295466123283
-0.03383132530120484
0.11653944020356234
0.09561752988047809
0.2796407185628742
0.27817351598173523
0.3228687415426252
0.17679775280898866
0.25933869526362835
0.18623853211009184
0.23753086419753083
0.26081081081081076
0.21665735047512572
0.2545824847250509
0.11344802519990303
0.08157503714710243
0.2404226618705035
0.09964547388324282
0.15899483325504932
0.019047619047619
0.024927113702623994
0.0679867986798679
0.06804326450344154
0.15461102524471917
0.12891450528338141
