-0.21409507923269394
0.4664002905920814
0.8522666666666667
1.1026277372262774
1.2482142857142857
0.7173890872004081
0.22332530120481933
-0.15620406398616513
0.7110204081632653
0.12623841482901885
0.5899265477439665
-0.17341563786008235
0.3311827956989247
0.3488798370672097
0.10045248868778275
0.016401845207585853
-0.18211497515968766
0.03691099476439787
0.46583722135821665
0.010322580645161254
-0.001647875108412915
-0.01384402399630826
-0.1451732673267326
-0.28303181534622585
-0.3324894514767933
-0.17574759945130314
0.4466628636622932
0.30310924369747905
0.09190093708165994
0.43787767133382466
0.4395970823202502
-0.08546341463414635
0.04072907290729073
0.06994047619047619
-0.06117045982350211
0.17797649463464496
0.30450297366185225
0.33357142857142846
0.7033434650455928
0.06748098640239691
0.3512295081967213
0.1252192982456141
-0.01544079290558159
0.012584880036215565
-0.05537906137184119
-0.09905838041431266
-0.1649635036496351
-0.10097783572359849
-0.16443057722308888
0.008846487424111054
0.28545176110260334
0.020138150903294415
0.21534090909090914
0.7530821917808218
0.044935543278084675
0.05531914893617019
0.08003757632691409
0.1002901915264074
-0.07026116259477683
0.13190151911995818
-0.06006472491909382
-0.0704529115744069
-0.08090614886731391
0.060431654676258995
0.6293233082706767
-0.05325895478567237
-0.17097536280796488
0.4806734006734008
0.6494159928122192
0.5422578655151141
0.006250000000000039
-0.044941427050053294
-0.009960681520314577
0.044444444444444446
-0.05169491525423733
0.08046833422032999
0.0800215401184706
-0.09239732012816773
-0.16469235192639453
0.16668548842461875
0.07212533254507833
-0.03150729335494321
-0.22525481313703283
-0.23481341521020307
0.12974186307519647
0.14033182503770733
0.35017667844522976
0.08076335877862592
-0.015515771526001743
0.2099606815203145
0.45151924375422
0.18587404355503234
-0.03024462564862858
0.36514851485148503
0.023462321792260654
-0.07211495285136951
-0.00484613520717228
0.36831683168316837
0.7510173323285606
0.37368421052631584
0.9159309021113244
0.4148437499999999
1.0991735537190082
0.5089728453364816
0.15071633237822357
0.46078431372549017
0.4001850138760406
0.059728506787330264
-0.11983471074380166
0.06751493118670475
-0.061538461538461486
-0.008121827411167513
-0.09367706919945722
0.08700027956388029
0.2607368421052632
0.14441585177560468
0.3854653318502039
-0.32894736842105265
0.5058139534883721
0.34070851460534485
0.7969949916527548
0.13158927403531723
0.14329391404672634
0.2353369763205828
0.1432480666270077
0.39668367346938777
0.8342541436464088
-0.27388535031847133
-0.33379492251895815
0.1383347073371805
-0.0404787812840044
0.46892307692307683
-0.0747474747474748
0.3780275932549822
0.4432355723746452
-0.030213464696223342
-0.047610619469026505
0.3679324894514767
-0.09508196721311471
0.5456453305351522
0.21053206002728522
0.08283185840707956
0.325105280207321
0.3400881057268722
0.38344594594594594
0.2069081718618365
-0.09362186788154903
0.1614128035320088
0.35224433132808874
0.25149313962873276
0.022537878787878746
0.060115303983228535
0.2936708860759494
0.1449449449449449
0.15974751153192523
-0.001956453139791675
-0.023131903833658162
0.15862068965517234
-0.17843137254901958
0.3568803593303389
0.37313854853911416
0.03780415430267065
0.08754234098607448
0.062100023702299126
-0.2138972809667674
-0.08185483870967739
0.03823109843081317
0.12175873731679819
0.011144760751060018
-0.011923847695390758
0.032906304948505403
0.022254169062679727
0.2963963963963964
0.9377220480668758
0.5021276595744681
0.6331746031746033
0.18238402818555485
0.41798010711553174
-0.04550691244239631
-0.13817444219066932
1.4818548387096775
0.8756613756613757
0.10174249757986438
0.29295774647887324
-0.014247865763909358
0.18730158730158725
0.7307359307359308
0.7995337995337995
0.7608053691275167
0.2017567567567567
1.1326923076923077
0.6250764525993883
0.3763462849352419
0.0768767123287671
0.14145912686785825
0.1387493319080705
-0.07863354037267076
-0.00021058173203479386
0.006114180478821329
0.13207911239749165
0.23591979075850036
0.38121827411167525
0.00428765264586165
-0.05182166826462124
0.008800419067574623
-0.12247770999530737
0.06473838154046142
0.18669950738916258
-0.30531177829099304
-0.0648168701442841
0.01717791411042952
-0.02413184226015303
0.1281196089706728
0.40229555236728837
-0.13057213057213057
0.015932482503087615
0.004001905669366408
-0.10542018896071606
-0.002649006622516594
-0.12450824029771401
-0.07038596491228066
-0.1200161420500404
0.08451693851944797
0.012634186622625892
0.09996017522899243
-0.15169660678642716
0.04743362831858412
0.14890510948905114
0.22632541133455203
-0.17800632911392406
0.07825581395348832
0.3917610710607622
0.41214528944381373
0.30881355932203386
0.16361130254996561
0.13823335530652606
0.31114848630466124
0.41592356687898097
0.002157164869029299
-0.19678284182305625
-0.09752839011356046
-0.19487836107554424
0.11526548672566368
-0.09732620320855612
-0.1650485436893204
0.2244186046511627
-0.061286919831223655
0.23333333333333334
-0.023880597014925398
0.1474080042976095
-0.08667601683029447
-0.02827272727272719
0.31908871246116677
0.008615165539337779
1.1672452830188678
0.7295549638645873
0.5182350292660963
-0.24190919674039577
0.06224066390041494
0.08218375499334218
-0.049410029498525077
-0.07437150837988826
0.23229036295369215
0.2486533449174632
0.36054545454545445
0.18761061946902663
0.780681818181818
0.5810344827586207
1.0018552875695732
