0.07527504342790967
0.41367521367521365
-0.14107648725212463
-0.13121869782971624
-0.2355670103092783
0.09889746416758549
-0.08596165739022882
0.14915254237288136
0.128030954428203
0.2119774011299434
0.1605220228384991
0.08068085106382974
0.16749116607773856
0.1674340258281863
-0.07759282970550584
-0.23427331887201736
-0.04750957854406133
0.08187500000000006
-0.030563380281690204
-0.10976138828633411
-0.1221406086044071
0.12442223610243601
0.047619047619047616
-0.008108108108108195
0.2533957845433256
0.14989293361884368
-0.09793510324483773
-0.09086399338569665
0.2944009632751355
0.34758620689655173
-0.14044899566758562
0.3638846737481031
-0.036363636363636424
-0.2529482551143202
0.2275000000000001
0.18932146829810906
-0.013156953879156304
-0.06666666666666664
0.01612200435729851
-0.07288732394366193
0.027586206896551724
0.03410547067520937
0.13982683982683988
0.1593118922961855
-0.127876631079478
0.16303317535545025
-0.07037037037037029
-0.1707341772151899
-0.011680482290881688
0.20639658848614062
-0.01956622058144905
0.14808061420345486
0.295192878338279
0.6906403940886698
0.13657657657657662
0.12896039603960402
-0.14391371340523879
-0.1257191201353637
0.07051546391752586
0.0796610169491525
0.1439999999999999
0.16937212863705975
0.10672340425531923
0.3261904761904762
0.07328629032258069
-0.142929292929293
-0.04911550468262232
0.21243523316062177
0.1645320197044335
0.1609022556390977
-0.0254545454545455
0.39284649776453057
0.6773913043478261
0.23021671826625384
0.4328515111695139
-0.1211505922165821
0.13066666666666663
0.0633707865168539
-0.14980826587132506
-0.2920592193808883
0.20161290322580644
0.1417355371900826
-0.11349480968858136
0.4305194805194806
0.3395659432387312
-0.013990221887927723
0.07499999999999997
0.03553719008264466
0.4602344454463481
0.21479289940828397
0.2934504792332269
0.37123404255319153
0.33955773955773966
0.23102310231023102
0.0688741721854305
-0.06397694524495674
0.042436149312377255
0.42676273803396797
0.1366181410974244
0.20853432282003706
0.311323763955343
0.017535545023696718
0.11711956521739136
-0.045992779783393535
0.02128603104212857
0.027657378740970025
0.015178571428571454
-0.17678100263852242
-0.14276827371695172
0.0740514075887393
0.11231617647058828
-0.1577800829875519
-0.06477987421383655
0.11674208144796386
0.13454746136865353
0.08528356066044505
0.026731470230862697
0.17945383615084526
0.3607445008460238
0.27258566978193144
0.25747592498732896
0.08603351955307266
0.1441595441595442
0.16402877697841722
0.0013071895424837097
0.37830018083182637
-0.001608040201005086
-0.09626933575978158
0.0655981682884945
-0.24846625766871167
0.01295116772823776
0.27305669199298643
-0.09637155297532658
-0.1486349848331648
0.013533834586466108
0.388356807511737
0.30941028858218306
0.3093253968253968
0.2044715447154472
0.05668449197860963
0.21367637102234252
0.1928374655647383
0.279611650485437
0.1459459459459459
0.1417047184170472
-0.08240740740740743
0.06128654970760231
0.19580052493438327
0.2346005980350277
0.25609756097560976
0.10445468509984639
0.12936030617823943
0.19924882629107984
0.15609374999999998
0.2377840909090909
0.3587939698492461
0.10258064516129035
-0.011652542372881356
0.20450127877237861
0.37529953917050696
-0.17918552036199092
0.09969016266460112
-0.03512857836001945
0.4190374331550802
0.230066322770818
-0.04118387909319905
-0.06242038216560501
-0.06754422048539688
0.0054564533053515695
-0.12955261499684934
0.07280701754385963
0.5106060606060605
0.5855915399867813
0.11948051948051948
-0.2945652173913043
-0.008254716981132075
0.08803418803418804
0.14256410256410249
-0.05485921889191652
0.19080982711555963
0.06607999999999993
0.39832214765100665
0.3474969474969474
0.24123957091775936
-0.026432217810550145
0.5051146384479718
0.13605341246290809
-0.034472049689441064
-0.10303712035995503
-0.05350649350649347
-0.10478723404255323
0.2662698412698414
-0.10735900962861067
-0.1043238270469181
-0.04282094594594599
-0.09239940387481371
0.22759315206445116
0.3307860262008734
0.25247093023255823
0.15980937251787136
0.004118616144975288
0.18089171974522292
-0.14400518470511992
0.07020872865275142
-0.0017782426778243153
0.03361898483849703
-0.006845003933910343
0.05346278317152098
0.019946091644204852
0.06275449101796404
0.25688545688545694
0.38412698412698415
0.06473282442748082
0.532319391634981
0.0394216133942161
0.28127600554785015
-0.021995630007283353
0.459784283513097
0.30889141127506625
0.7241206030150755
0.6180371352785146
0.6057567316620243
-0.047313854853911444
0.07180365296803651
-0.19305135951661626
0.33899683687302296
0.3174170616113745
0.14127284183994962
0.06839546191247982
0.10420070011668606
-0.02957110609480818
0.12576142131979698
-0.03218189768255352
-0.07602339181286549
-0.0062025316455695916
0.3876635514018691
0.27078189300411526
0.03578732106339468
-0.1673728813559322
0.12169433314253
-0.13686635944700457
0.11902654867256644
0.03744855967078187
0.0950470732705689
0.04533224622910714
0.05029585798816568
0.002854671280276777
-0.001563721657544957
0.00556862745098032
0.6491525423728813
0.30370370370370375
0.205077399380805
0.30246389124893797
0.6133738601823707
0.12449209932279905
0.3069930069930071
0.03737244897959178
0.5048913043478259
0.7668874172185431
-0.09291949563530548
-0.16620689655172416
-0.10796610169491533
0.402588996763754
0.16328767123287677
0.2506627393225332
0.15186891961085505
-0.02092050209205021
-0.07421203438395409
0.1952191235059761
0.06294416243654823
0.039976891969959585
0.037383177570093455
0.19617834394904454
-0.015663292488012834
0.1184170471841704
0.34291754756871046
0.42909090909090897
0.1391509433962264
0.08500651890482405
0.11807780320366137
