0.016870748299319765
0.06098439375750295
0.1669990029910269
0.1145183175033921
0.11302116741500966
0.18140293637846663
-0.2489795918367347
-0.026878612716763037
0.3414583333333333
0.367651800107469
0.44133858267716536
0.15184828029572486
0.2968051885659381
0.09173086800205439
0.141837509491268
0.2450648839952811
0.27835820895522395
0.06841359773371099
0.2496666666666666
-0.05569755058572953
-0.06780709736123755
0.013324390789179602
-0.2538086617462749
0.02842105263157898
0.023351786612984444
-0.31919256648510086
0.0010256410256409899
-0.04132029339853295
-0.07175513366912042
-0.2417459156303341
0.34698795180722897
-0.18783602150537634
-0.0044467972472208
-0.0006802721088435136
-0.1182491149018346
0.056213146975322044
0.14450549450549457
-0.028260869565217433
0.17527200791295752
-0.0896551724137931
-0.29733656174334144
0.0493055555555555
0.050434782608695675
0.16223776223776226
-0.14065303193397918
0.12189759907434194
-0.033304272013949476
-0.08586387434554976
-0.10941198572233696
-0.08341472943934362
-0.2370647482014389
0.1188679245283018
0.03590697674418596
0.9666666666666668
0.12126796903796536
-0.09168026101141932
-0.14728033472803342
0.15405405405405398
0.06167400881057269
-0.15357142857142853
0.07482517482517474
0.18431876606683803
-0.15776965265082268
-0.012496912817979726
-0.10794050920090745
0.03400148478099477
0.5229573934837094
0.1243910360506658
0.21540099361249113
-0.4949880668257757
0.10375617085211411
-0.11308900523560211
0.06568265682656826
0.8803118908382067
0.34862745098039205
0.4988997555012224
0.5019480519480519
-0.011681957186544287
0.24438012542209353
-0.10456528060482696
-0.0696241528034504
-0.10639464068209503
0.33984806629834247
0.08373205741626795
0.2745927209705372
0.22340481863913164
0.07453147525228251
0.34210526315789475
0.09305135951661635
0.15384615384615385
-0.0675521821631879
0.2061649541793945
0.3095400682868045
0.09868421052631579
0.531551901336074
0.1398648648648648
0.16172506738544473
0.1264943457189014
0.3517391304347825
0.13538301198540917
0.06894243641231593
0.2042681395932715
0.22687823834196888
0.0412295355830271
0.7427450980392156
0.03245492371705964
0.2023489932885907
0.369974979149291
0.15070921985815602
-0.11041666666666664
-0.0022140221402214394
-0.09482378854625553
0.06388233157799168
0.1333333333333334
-0.1258414147176269
0.037680060652009136
0.08477157360406086
0.05598290598290596
-0.01091658084449024
-0.02022187004754364
0.07931701030927829
0.09192998408729249
-0.3125548726953468
0.4742204899777282
-0.16305797845048742
-0.07321839080459776
0.4153256704980842
0.07375886524822699
0.05760171306209845
0.4010921501706484
0.5372093023255814
0.0382222222222222
0.11697247706422019
-0.007101727447216978
0.7209401709401709
0.09145299145299149
-0.054064877853424106
0.5330376940133037
0.13880712625871428
0.313474801061008
0.47413935554943554
0.15500234852043213
0.21574074074074084
0.08854378818737275
0.09203539823008855
0.1858730158730159
0.18904382470119524
0.299673469387755
0.31821229050279326
0.10214168039538715
0.10759289176090472
-0.32244897959183677
0.20290649849191117
-0.050991276764472605
-0.004704205274411909
-0.012296881862099254
0.18207381370826015
0.20385604113110542
0.2688539325842696
-0.13342465753424654
-0.1310344827586207
0.1665525114155251
0.2668358714043994
-0.05647482014388485
-0.01923847695390786
0.29929411764705877
-0.4285373608903021
-0.5086320040383645
0.13135135135135143
-0.07160493827160498
0.13028100775193802
0.13991561181434595
0.14664750957854397
-0.285551763367463
0.17716535433070865
0.739874213836478
0.04684444444444449
-0.32231296961777195
-0.18718390804597704
0.13317757009345793
-0.08109048723897909
-0.19408903853348305
-0.13699231613611412
-0.12673267326732673
-0.3627329192546584
-0.22701342281879197
0.3640211640211641
0.23958333333333334
0.46052269601100404
-0.025092250922509267
-0.09810879313706372
-0.09178082191780827
0.1848472164085391
0.010405471421592663
0.17166916167664664
0.13370688145683773
0.7804096170970615
0.18007662835249041
0.07912457912457913
0.07576552930883632
0.10582959641255611
0.10569536423841054
0.21252059308072488
-0.20092443729903542
-0.2531494013534617
0.2997647058823529
0.14634794156706504
-0.1276507276507276
-0.3904885430177259
0.07836095764272552
-0.004034582132564776
-0.10468497576736664
0.3268618006669136
0.46159116863342214
-0.1106382978723404
0.38357487922705313
0.5619047619047618
0.15335225257183405
0.3297840655249442
0.13813395276809917
0.14681616247091178
-0.13711882229232383
0.1601699826154143
0.2582781456953642
0.017775665399239585
0.032213978914486525
0.09678848283499446
-0.1881549651180051
-0.14726640159045723
-0.15171706817016914
-0.19637850467289722
-0.1671140939597316
0.0567934782608695
0.26858168761220835
0.07498395035309216
-0.05574861367837345
-0.08244985673352428
-0.17765479072985124
-0.07510489510489517
0.14205142383190494
0.0119190191046479
0.014063260340632648
0.07929611123180534
0.08876793666501737
-0.03166666666666671
0.006349206349206327
0.5101190476190476
0.263225806451613
0.14270711785297543
0.33585151416476705
0.030894308943089432
2.6056338028169015
0.3182577132486389
0.1798556998556998
0.2009327115256495
0.15328558081594512
0.43309222423146476
0.39853521126760566
0.4603603603603603
0.43262839879154075
0.31425389755011135
0.199442119944212
0.39283746556473836
0.2752767527675278
0.17297802711547453
0.46506238859180027
0.14307058217413696
0.10328425821064557
0.28122481869460114
0.2774899508709246
0.30315500685871055
0.24763285024154585
0.31761677087164397
0.17240103588605254
0.1791089108910892
0.1775532495903877
0.3039175257731958
-0.31393534002229656
-0.03976420150053597
0.005066303978238726
0.03361473522640058
-0.030144624499041647
0.303864891198441
0.029977781575798945
0.033955145671766926
0.13838429940666355
