0.031924415713575245
0.3226621735467565
0.2095019659239843
0.33362831858407077
0.19863945578231285
0.39625445897740785
0.03393939393939391
-0.07857142857142863
-0.33341094295692664
-0.34480198019801983
-0.27964601769911507
-0.0455555555555556
-0.029955947136563927
0.28534031413612565
0.06596752368064952
0.013701177929324184
0.10789692435577719
-0.08744326777609682
-0.095
0.5007166746297181
0.0270833333333334
0.3236526946107785
-0.09721706864564007
0.43094666025949074
-0.0025118805159538666
0.08789808917197452
0.14493192133131613
0.26485834840265227
0.15915444936924658
0.2500736377025036
0.5024561403508772
0.021366235329521515
0.028392685274302214
-0.0018551551908668634
0.05130111524163573
0.03569969356486215
-0.08476658476658476
-0.010224948875255624
-0.08025392582692945
0.021068249258160306
0.15324675324675327
-0.01050420168067227
0.7553191489361702
-0.04062500000000006
0.16347326874775742
0.17609227542817202
-0.15647382920110195
0.6256756756756756
0.07076826983135537
0.19188405797101446
0.7010084033613446
0.3728701406120761
0.3331424481030781
0.17195685670261945
-0.17777777777777776
0.07721369539551355
-0.16739495798319326
0.0033814723494187773
-0.2458199356913183
0.0009554140127388121
-0.08584591758382393
-0.10764170040485832
0.08093878845543921
0.11600547195622435
0.2597014925373134
-0.04595879556259905
-0.09054826774302045
0.4388349514563106
0.07956989247311824
0.05116279069767449
0.23925974884335757
-0.011919965942954448
-0.04547787042976273
0.23959484346224683
-0.0039487357118116
0.10072376357056695
0.06889044943820219
0.01693989071038248
0.18959810874704489
0.11740890688259109
0.06904955320877336
0.07507356031946193
-0.022270742358078577
-0.012885154061624713
-0.03805970149253734
-0.11679525222551926
0.15552536231884062
-0.1503957783641161
0.10137825421133238
-0.05263157894736842
-0.11066282420749272
-0.11348837209302326
-0.1184573002754821
0.11950464396284836
0.1808416389811738
0.22343883661248934
0.1900332225913621
0.1752895752895752
0.076510067114094
0.045937961595273295
0.2711864406779661
0.4225826575171554
0.009661139149243035
-0.13424657534246573
0.01587708066581303
0.12391653290529703
0.492093023255814
0.06801687763713085
0.06724367509986684
0.06579460061230172
0.1784753363228699
0.06470230862697449
0.21896551724137928
0.14693734686734344
-0.15717360114777612
-0.2250506688285367
0.1514374783512296
0.19842696629213472
0.0007766990291261694
0.21879971077368035
-0.007412738395106121
0.22387543252595152
0.23684210526315788
0.09082426127527213
0.08539390454284071
0.0016000000000000606
0.6486368593238822
-0.02494839280448243
0.18444216990788131
0.016807313642756744
0.22246278755074417
0.13109243697478995
2.048275862068966
0.4101449275362319
0.03655435473617292
-0.05052790346907994
0.02541176470588238
0.044444444444444474
-0.022401289282836384
0.00944206008583686
-0.03871382636655951
0.018095504049148333
-0.025227272727272692
-0.10939777522055996
-0.0620037807183365
0.2498507462686567
0.34560994560994557
0.1363934426229509
0.1632539682539683
0.08813077469793888
0.4513131313131313
0.08329374505146481
-0.28040201005025134
0.007835455435847209
-0.07117726657645469
0.020033670033669994
-0.13740259740259733
0.14347240915208617
0.011358352706741886
-0.039746300211416515
-0.13648068669527902
0.1333333333333333
0.17585199610516059
0.23454391891891896
0.1865615927001245
0.03715415019762837
-0.17731673582295984
0.013228208497590809
0.08612786489746675
0.1986493506493507
-0.02937853107344637
0.1234285714285714
-0.15566625155666253
0.107773056735816
0.20109890109890116
0.17138888888888887
-0.12710388856645385
0.3157706093189965
0.07314892428052534
0.11733080328905755
0.03862928348909654
0.049915110356536466
0.021113689095127664
-0.21098430813124106
0.04338461538461538
0.051119737234995466
0.1209717097170972
-0.05859750240153699
0.08994845360824737
0.20833333333333334
-0.022550921435499516
0.3079597438243366
0.0749063670411985
0.44845094664371765
0.20432020330368492
0.4071491615180935
0.6015795868772782
0.23429384560654568
0.0043378995433789435
-0.020700152207001558
1.2170212765957447
0.13472222222222227
-0.14702702702702697
0.4850387596899225
0.10272727272727265
0.008664259927797752
0.006298449612403101
0.09124343257443086
0.38556213017751473
0.07651485148514844
0.14368421052631575
0.24242424242424243
0.391304347826087
0.09465706707086025
0.19891540130151852
0.006820049301561179
-0.22175226586102711
0.00021953896816689954
-0.006296296296296254
0.16461721539071797
0.38286908077994425
0.22643478260869573
0.22433643571182357
0.03074670571010249
-0.03256578947368414
-0.06438064859117486
-0.05531157270029676
0.6345721694036301
0.48073654390934856
0.04643755238893553
0.8826424870466323
0.30486891385767784
0.937677351550184
0.24263322884012548
0.01644498186215243
0.09105367793240547
-0.248936170212766
0.014616019818331995
0.03893743446347434
-0.08661870503597129
0.4722033898305085
-0.15322314049586785
0.08769136558481326
-0.01098039215686279
-0.042229367631296866
0.16936936936936947
0.1222816399286988
0.2918518518518519
0.002135774218154046
0.025184094256259237
0.049003516998827705
0.3291803278688524
-0.11686888454011739
0.03447385409941904
-0.10778816199376952
0.24078562473882148
-0.38765192027224116
-0.09801324503311254
-0.016515276630883566
0.25415884928080057
0.6870558375634519
0.45592233009708727
-0.04780923994038751
0.19853694220921733
0.0009569377990430078
0.3711060948081264
0.24599999999999994
0.11985815602836883
-0.15762876579203114
-0.010175090849025497
-0.05545634920634918
0.01752241238793806
0.2397524071526822
0.26248357424441526
-0.21460317460317457
0.08711018711018706
0.0087132725430598
-0.11516736401673643
0.045727221279003936
-0.11353891336270189
0.23200000000000004
