0.03955555555555558
0.07647610121836917
-0.0250425894378195
-0.19856312008210744
0.17220956719817773
-0.1437649470447558
-0.17392147358216187
0.3754253308128545
-0.1996398559423769
-0.06871055004508571
0.5326153846153847
-0.18687701685191818
-0.07098765432098765
-0.1929544699235626
-0.10357645733596176
0.11247615413964143
0.012721584984358675
0.3139130434782608
-0.012843224092116917
0.8886297376093293
-0.14636795655125587
0.7723502304147466
0.8058956916099773
0.17044334975369455
0.018924173687621546
0.17973199329983242
0.022538293216630263
0.13002867677181487
0.06020040080160313
0.1552313167259786
0.09743589743589752
0.21258503401360543
-0.04769874476987448
-0.055415617128463476
0.024294670846394983
-0.05770154373927953
0.46406570841889117
-0.05222072678331084
0.022205438066465324
0.02695109261186262
0.010658307210031276
0.33762575452716287
0.022529441884280594
0.06751152073732726
0.038836542400655545
0.09686544342507648
0.11186954872961699
-0.016323417238749117
0.08676585747846512
0.554074074074074
0.1002705139765555
0.1431906614785992
0.08440366972477073
0.11771428571428563
0.23083003952569162
0.04696629213483141
0.212756264236902
0.09951923076923072
0.09008902077151333
0.08674698795180719
0.04733009708737864
-0.03593314763231192
0.14718196457326888
-0.04510166358595194
-0.15910112359550566
-0.12924791086350967
0.009195402298850542
0.07099236641221383
-0.004878048780487726
0.13123359580052493
0.07417631344612641
-0.17121464226289515
0.02547642928786353
0.06567596955418624
0.053983739837398376
0.23750000000000004
0.24235294117647058
0.30588235294117644
-0.002857142857142857
-0.003385049365303212
0.30173490631505895
0.24876847290640394
-0.010687022900763359
0.2705202312138729
0.15339805825242714
0.041324200913242064
0.17940841865756546
-0.08399999999999992
0.04236983842010776
0.03254520166898467
-0.5293103448275862
0.17024793388429754
0.132608695652174
0.23357512953367884
0.22505800464037123
0.13121019108280252
0.2673866090712742
0.6598130841121495
0.36626506024096395
-0.001643835616438285
0.05448504983388713
0.021204188481675452
0.06099815157116451
0.09188829787234046
0.05628571428571425
0.2720142602495544
0.09093444909344497
0.23557046979865767
0.0788610871440898
-0.08822800495662945
-0.06179732313575522
0.030449172576832193
-0.019236079153244448
-0.062489894907033106
-0.04690117252931323
0.5743119266055046
0.5790849673202614
0.02130177514792896
0.0801381692573402
0.19428571428571434
0.08141361256544509
0.21570552147239258
0.11528800346470326
0.02726954083420967
0.017019798541160126
0.4761750405186385
-0.052583156404812426
-0.04231974921630094
-0.16307692307692315
0.11696905016008528
-0.09236234458259325
0.023281907433380118
-0.09401496259351617
-0.03959243085880647
-0.07142857142857142
-0.11747572815533976
-0.12208092485549135
-0.12781065088757393
-0.026651349798966165
-0.14845454545454542
0.7009174311926606
-0.26355455568053987
0.6108108108108109
-0.2088858509911141
-0.21549738219895292
-0.20311504424778767
-0.11089743589743586
-0.161359055571552
-0.104110448697835
0.03819849874895743
0.10211667527103778
0.03993783993784001
0.0843319687383699
-0.014205457463884467
0.04763888888888883
0.24777376654632982
-0.20096654275092934
-0.15456475583864118
0.003027175782593802
-0.04548560273304053
0.034204275534441754
-0.05723793677204655
0.018081180811808175
0.4576687116564417
0.016898148148148176
-0.048917748917748964
0.3584905660377358
-0.04748538011695909
-0.15019354838709675
0.24383561643835605
0.06486778197517541
-0.008033345964380378
0.13268041237113407
-0.027983539094650175
0.1405660377358491
-0.11700534759358286
-0.29179600886917967
0.10126227208976153
0.06408504176157942
0.14827315541601263
0.21528046421663435
0.21044932079414846
0.08897374701670649
0.21050328227571125
0.16365883807169343
-0.035936370209689115
0.024727992087042534
0.04474034620505995
-0.03559391697492804
0.08702623906705546
0.03146760687527549
0.09758308157099702
0.018925831202045978
-0.10994152046783633
0.004804045512010057
-0.14557823129251704
0.12116316639741519
0.20750323415265198
0.0038297872340425773
0.07869615832363215
0.056565656565656645
0.07986798679867983
-0.0443514644351465
0.039497645211930985
-0.04846505551926848
0.6131221719457014
0.765079365079365
0.12901760363429873
0.09024498886414249
0.03431416930737899
0.18963380281690137
0.09991836734693885
0.11861934856587263
0.2940177849636217
0.9346236559139786
0.2031096563011457
0.653731343283582
0.018670886075949297
0.345631067961165
-0.04577656675749322
0.1041890440386681
-0.0940058479532163
-0.07953890489913551
0.03921113689095122
0.13195164075993088
0.09245508982035934
-0.45399999999999996
0.09074550128534707
0.4134328358208956
-0.08556962025316459
-0.14868217054263563
-0.08870292887029294
-0.040130718954248426
0.27816091954022987
-0.09574890742947954
-0.016192560175054656
0.6151898734177215
-0.39404893101168176
-0.3972137791286727
-0.03776978417266187
-0.10206489675516231
-0.0368821292775665
0.07668508287292815
-0.14726840855106887
0.03432979749276751
0.05150000000000006
-0.060907944514501836
-0.008888888888888858
-0.06534653465346532
-0.13281596452328154
0.02786885245901644
-0.08927203065134104
-0.07938751472320374
0.03819444444444445
0.27511244377811095
1.0989898989898992
0.33520408163265303
0.301280227596017
0.3548922056384743
0.24832713754646837
0.11393239901071726
0.12885375494071155
0.3210227272727273
0.6981723237597911
0.12215909090909091
0.26984855438274435
0.9732851985559567
0.0844897959183673
0.1847539015606242
1.4455795677799606
-0.023390081421169436
0.06992907801418433
0.003928905519176843
0.038224956063268895
0.005911330049261003
-0.042634450506625135
0.025554382259767656
1.0183431952662723
-0.011201701524282136
0.005429553264604874
0.06668987121475806
-0.00255863539445629
0.09593188268684966
0.07607988852763595
-0.06641901931649338
0.4950558213716108
-0.024733333333333274
