0.4394594594594595
-0.1633260711692085
0.19718849840255584
0.07252897068847995
-0.011981914091936769
0.13954802259886998
0.34105102817974103
0.06976856316297002
0.3045676998368678
0.14526315789473684
0.18688288288288285
-0.10992209922099218
-0.1420486700622524
0.23133826496301277
0.17697883444476661
0.4334146341463414
0.1966878980891719
0.12054491899852728
0.1614589665653495
-0.009937550909584553
-0.09719880337231442
-0.3467838593687575
-0.391005723630417
-0.41788012190992213
1.789010989010989
0.29344660194174754
0.19113475177304956
0.16697986577181206
-0.06379477250726039
0.06937725167267123
0.14318808604522884
0.17634961439588695
0.4196899224806202
0.4789915966386555
-0.07001817080557232
-0.0010904584882280275
-0.20882171499074645
-0.11581905029502663
0.07561436672967864
0.2825027685492801
0.033425797503467435
0.28208092485549136
0.05859223300970865
-0.14207792207792205
0.19093017263591858
0.12434782608695656
-0.10965994583207947
0.0221035523566287
-0.1710062333036509
0.865
0.25972222222222213
0.2225828889404127
0.21316397228637404
-0.12542524619516565
0.08968824940047956
0.08070175438596498
0.34635698377346497
0.029204545454545507
-0.23670588235294124
-0.012702078521939953
-0.0021916411824668474
-0.01441307578008922
0.1735759021771548
0.37019096413600383
-0.0033444816053511705
0.1808896210873147
0.016178028965030088
0.06078824315297261
0.12459330143540667
0.1635416666666667
0.1768930523028883
0.08457978075517657
0.08510028653295121
0.22229872881355922
0.05289355322338833
0.18240418118466906
0.4906614785992219
-0.2279707495429616
-0.21200836820083685
0.0825790949138966
0.2118892508143323
0.13219201074185974
0.05992961287078925
0.22039548022598865
0.16141051230871584
-0.05764608371322002
-0.07394247038917097
0.35825874694873877
0.09542550472783022
-0.05674179517595888
-0.23164556962025312
-0.15156537753222837
0.15385860766324874
0.17542662116040947
0.09353523587652877
0.04316546762589928
0.03154362416107383
0.22841031149301835
0.13415765069551772
0.9297297297297299
0.28663594470046083
0.3281164695177433
0.6763285024154589
0.1986042905143447
0.5991452991452991
0.1403619197482298
0.06720214190093714
-0.005226480836236934
0.002540302882266643
-0.08603667136812412
0.1644098262432595
0.06734693877551015
0.16515388628064678
0.005906313645621212
0.11927601809954747
0.28286163522012575
-0.18901869158878498
0.3680412371134019
0.040584213797389655
0.4579537491240364
-0.02675663099115868
0.217283950617284
0.13157894736842105
0.08266666666666667
0.2996845425867508
0.06399999999999995
0.23581363004172456
0.22706438704983622
0.167741935483871
0.02728426395939086
0.05963302752293578
0.04219989423585402
-0.035674331883157294
0.08325508607198755
0.24995140913508257
0.40183080808080807
0.5254968287526428
0.6272359550561797
0.11714568880079283
0.01599466844385205
0.3896353166986564
0.7262500000000001
0.02253141831238771
-0.006205250596658766
0.5362748926200703
1.305982905982906
0.09712230215827339
0.5069852941176469
0.3893948126801152
0.1898393724318266
0.23225605966438784
0.6713450292397661
0.016053019145802618
0.05233644859813079
0.07383177570093463
0.5686520376175548
0.07490842490842486
0.18768642447418746
-0.08249678249678252
-0.1515320334261838
0.01984375000000007
0.0889942074776198
0.23308823529411757
0.1145825868864207
0.0778202013189864
0.2458320884374067
-0.09411764705882353
0.07165326808808109
0.6515104570100696
0.5357283853138571
0.1556368068251067
0.35191358024691355
0.3085089773614364
0.0009517011658339282
0.42506112469437657
0.18116161616161608
0.25252525252525254
-0.06880189798339265
-0.19304347826086962
0.31590013140604467
0.4829059829059829
0.04876599634369279
-0.02965235173824131
0.1414910858995137
0.6883720930232556
0.12748502994011982
0.2143036386449184
0.3082201086956522
0.19791666666666666
0.022520107238605837
0.4979775280898876
0.17819460726846426
0.47920792079207924
0.14632206759443345
0.2381015599070694
0.159696342305038
-0.07967000589275194
-0.11658378378378374
-0.16670140698280358
0.21495081967213112
-0.2016348773841962
-0.07349574405635459
0.08034985422740522
0.3144527098831032
0.228045479155387
0.08690140845070429
0.07766578249336875
0.19679144385026734
0.1268336314847943
-0.02847713342762852
0.09230769230769229
0.2056793359545654
0.023518904435844
-0.047561821123180074
-0.08740157480314964
0.055850540806292974
0.16067716067716067
0.09446254071661238
0.014492753623188406
0.01282051282051282
-0.28036332179930795
-0.17915607524148455
0.010424294637088011
-0.04292297564186968
0.44967880085653106
0.11251236399604352
-0.06297595190380764
-0.10693522545204848
0.09515151515151524
0.49733840304182514
-0.12508650519031145
-0.033839479392624695
0.21624441132637856
-0.015625
-0.08377192982456137
-0.039706254748037524
-0.09117647058823529
-0.022906461394914816
0.1466207262125629
0.29106566200215295
0.08719321731369928
0.0319634703196347
-0.11540041067761804
-0.35295566502463055
-0.019148359099538895
0.6268714011516314
0.27680608365019005
0.42778097982708924
0.2398936170212766
0.2727272727272727
0.6454873646209387
0.2997787610619469
0.12470588235294111
0.8864946889226101
0.16022099447513813
0.4105346534653465
0.0258317025440314
0.03662433428922576
0.2818423383525244
0.07808063600227144
0.067608286252354
-0.04667931688804559
-0.15138812281669417
0.15891089108910894
0.22487529098769532
0.5070754716981132
0.19643366619115557
0.19947916666666674
0.30106870229007643
0.09052224371373307
0.4567090685268773
0.07963246554364471
0.6257913247362249
0.9900311526479751
0.9249554367201428
0.6226487523992322
0.6490861618798957
1.1012429378531072
-0.029074889867841385
0.2988860325621251
0.38579881656804726
0.048714285714285745
0.022559999999999976
