0.2680184331797234
0.3126188135037693
-0.03102310231023095
-0.02266872746007213
-0.012249362012395154
0.21767441860465123
-0.10159695817490487
0.02660856190720333
0.09989206691851048
-0.19438202247191008
0.30304568527918774
0.1598484848484848
0.13157894736842105
-0.1017903767251026
-0.04012539184952982
-0.11197263397947553
-0.189278350515464
0.0020167346063075815
0.04393274853801163
-0.19253034547152198
-0.1482618510158014
0.020884048686739213
-0.027925910848768536
-0.09097320169252468
0.16521193092621658
-0.05916716005525956
-0.09569829110194467
-0.10787707523843168
0.07659574468085115
0.20006395906619762
-0.14768870684610888
0.13719298245614042
0.1877819012275193
-0.035294117647058795
0.3154583983939326
-0.013897978825793997
-0.12772977219167314
-0.10508025814992554
-0.35214611872146123
0.5531914893617021
0.20647058823529413
0.3579059829059829
0.6550955414012738
0.17062500000000008
-0.013673758865248175
-0.07389846743295017
0.40939794419970627
0.10349492671927842
-0.01563876651982384
0.12630642650655993
0.13116438356164387
0.22679671457905554
0.054991816693944394
0.0361794500723589
0.05621042377009259
-0.20561914672216441
-0.3183930300096805
-0.04290871583290358
-0.4952879581151832
0.17260519247985673
0.4669851887243192
0.12255707762557082
0.12624113475177295
0.8485042735042736
0.862474645030426
0.3104862331575864
0.22935334363275212
0.038796680497925284
0.047758429047795516
0.39232175502742234
0.11121512151215125
0.09129438717067588
-0.036834924965893585
-0.09797053099805396
-0.1058884565499351
0.06803190342746289
0.0313414634146342
-0.31
0.3808244846970642
0.3436339869281045
0.43038277511961714
0.43786191536748326
0.1543859649122807
0.5306487695749441
0.3242524916943521
0.20105820105820105
0.42952691680261
0.27408793264733394
0.04724752475247532
0.06266277939747321
-0.06238596491228077
0.01147925906600574
0.11211778029445074
0.2974576271186441
0.2034313725490196
-0.16119016817593793
-0.12250489236790611
0.47798066595059074
-0.025241844769403783
-0.03286052009456259
0.06579702582833286
-0.02701793721973097
0.07673293927995699
0.8520588235294119
0.7734311926605506
1.024076029567054
0.4517473942366647
-0.1224311926605505
-0.10280612244897962
0.2973755047106326
0.4472459499263622
-0.021813515825491875
0.1755627009646303
-0.25439999999999996
-0.28180904522613065
-0.16882129277566543
-0.06344045368620045
0.07343644922663083
-0.017045454545454544
0.044741081703106936
0.32830188679245287
-0.3122507122507122
-0.19187435984977808
-0.14422158548233047
0.8434504792332268
0.10766112687474662
0.12949701619778353
0.02845610494450055
0.023365487674169298
0.05472851492268961
0.2033232628398792
0.152757793764988
-0.12804232804232799
0.12061518324607327
-0.00029393239554894733
-0.07371213796152988
0.34945504087193463
0.163235294117647
0.18453559641678458
0.14872727272727274
-0.044349680170575716
-0.07882165605095541
0.07218934911242611
0.01314553990610334
0.39053461875547757
0.25283613445378156
-0.11186696900982615
-0.03170574317057424
0.09726723095525994
0.07184604419101921
0.07811387900355868
0.03192034139402555
0.17978155956311917
0.061681643132220736
0.15604770017035774
0.36109603906673904
0.14294428629524197
0.532752613240418
0.07474747474747474
0.13637702503681895
0.007249227311042479
0.2958490566037735
0.08350125944584377
0.0235118157343703
0.16169154228855723
0.2055727554179567
-0.05424769703172978
0.5280898876404494
0.018267651888341542
0.27283730865076544
-0.29253731343283584
0.15040160642570286
0.23665033027913923
0.4732652526839486
0.3850924269528922
-0.3387096774193548
0.1315776519812947
0.0582798459563543
0.21139896373056996
-0.10425716768027801
0.01842989914969346
0.21564147627416527
0.38536895674300264
-0.08101003113109645
0.04858889934148645
-0.08586762075134168
0.1804001633319723
0.015191855912294393
-0.11237350505979758
0.019774386197743833
0.2163828808099401
0.587037037037037
-0.20052356020942413
-0.08174048174048178
0.015333882934872143
-0.010758377425044131
0.5920774647887324
0.051921939680662305
0.20171449869549005
0.013397129186602925
0.4576593720266413
-0.04109311740890691
0.15071204441226155
0.012804328223624928
0.6084
0.20746741810496655
0.7538461538461538
-0.021191325830359545
0.32391105696009737
0.9592795614722005
0.06058252427184475
-0.15470809792843687
0.0023407022106631398
-0.14947662247034196
0.22031250000000005
0.0729028364514182
0.3398782343987823
0.21049977074736356
-0.024302351131619503
0.2731918238993711
-0.12873773111161835
0.13847492026674396
0.20650994575045217
0.13523131672597866
-0.08101667990468626
-0.14139851485148514
0.006507731958762828
0.1017922694882314
0.04911032028469751
-0.05084329960134933
-0.30472279260780283
0.1130205840114887
0.018934911242603485
0.2632008154943935
0.045678558293490185
-0.15255474452554746
0.19922779922779932
0.2200557103064067
-0.092420897718911
