-0.26313159355913385
-0.1835742848354353
0.23347280334728038
0.2202933985330073
0.09554277498202739
0.2895924020577761
-0.07909090909090906
0.2854043392504932
0.11366843033509708
0.4398637137989778
-0.18344965104685942
-0.08502626970227663
-0.13788487282463185
-0.34207650273224044
-0.34896373056994817
0.07334014300306438
-0.013452593917710164
-0.029123237277743717
0.21534170153417012
-0.10469083155650324
-0.1998575498575498
-0.1498986623429267
-0.11526011560693647
-0.17555823777911894
0.09190056134723329
0.3746031746031746
-0.17460953143772526
-0.1136793805563522
0.029680998613037416
-0.041368387709851094
0.06342281879194624
0.1479912344777209
0.08877005347593575
-0.012549497410904605
0.05880551301684529
0.18851526125194004
-0.0504070556309362
-0.00018309429356115625
-0.06437537358039452
0.06750321750321756
-0.15755894590846045
0.06881007623467017
-0.11020408163265304
-0.30299369747899163
-0.3139130434782608
-0.14138888888888881
0.09432624113475185
-0.17349896480331264
-0.16303558460421205
-0.11097946287519747
-0.008695652173913044
-0.3550072568940494
-0.024249999999999973
0.19205005520795002
0.16578669482576558
0.18428314337132576
0.1901169370049038
0.4626760563380281
0.36487252124645897
0.2073170731707317
0.31441326530612246
0.2055480984340045
0.38476527900797175
0.2585245901639345
0.3722809198259789
0.03905405405405402
-0.1243243243243244
0.23083798882681555
-0.04338549075391181
0.506640625
0.029742233972240583
0.2216816499206768
0.10110308101939908
0.4159383033419022
-0.02804491793838183
-0.0705521472392638
0.5584158415841585
0.08767123287671227
0.08550434201736808
-0.11816065192083819
0.011849957374254127
-0.07276720351390929
-0.10700876095118898
-0.033129770992366483
-0.07396088019559902
-0.14886535552193647
-0.09598286020353511
-0.15700869565217396
-0.23072625698324029
0.1434782608695652
0.11528424976700843
-0.24894894894894898
0.25366120218579224
0.2064814814814814
0.20352644836272044
-0.127485380116959
-0.16414565826330524
0.03939393939393939
-0.02961104140526979
-0.11026747195858501
-0.002015113350125973
-0.16864608076009502
-0.0914331465172138
-0.11953488372093019
0.0004098360655737472
-0.17898696088264798
-0.2603091280256634
-0.2967032967032967
-0.3510513447432763
0.3778959810874705
0.17169740308618736
0.1922984356197352
0.28838983050847455
-0.15695115405260338
0.1646299056135122
-0.0038350217076700104
0.007454739084132056
0.32622061482820974
-0.13610372340425536
-0.11534850126399425
-0.14582577132486393
-0.009121313469139556
-0.010879345603271947
-0.13549243429784977
0.17296954314720805
-0.07682558841279417
-0.01796055392362576
0.15024526979677652
-0.12001354554690148
0.1249350649350649
0.005243676742751388
0.022271714922048998
0.028046218487395004
0.45562500000000006
0.8116312056737589
0.02757009345794395
0.21238938053097345
0.005483870967741935
0.014667630057803435
0.012743479696269365
0.03693479295573532
0.021166032953105256
0.8169811320754716
-0.1240659710535173
0.011685393258426966
-0.07380315194766572
0.001140323091542575
-0.025338943431509966
-0.13245436105476677
0.12005730659025782
0.13612167300380232
0.11789137380191686
0.18742393509127783
0.1382935153583617
0.06551724137931031
0.22388059701492538
-0.22300481378261966
-0.281858407079646
0.08695652173913043
0.06795407098121088
0.12277495769881563
-0.23565683646112595
0.031831187410586555
0.0995780590717299
-0.10764488286066579
-0.13732004429678848
0.20984182776801402
0.09045226130653267
0.21006993006993013
0.27786833855799375
0.3372013651877134
0.12910662824207497
-0.07744833782569635
-0.17065155807365442
0.06011271133375078
0.02266754270696452
0.11406959152798786
0.12984615384615375
-0.1188723570869225
-0.008832188420019628
0.30511627906976757
0.10997267759562841
0.05760869565217388
0.03555555555555553
0.4669322709163346
0.005982550893228122
0.014554670528602397
-0.1648322147651006
-0.25122699386503067
0.05240174672489083
0.4543259557344064
0.04307895606210773
-0.074974358974359
-0.013728395061728373
-0.0940298507462686
0.09875518672199167
-0.03692307692307689
0.513304721030043
0.002800608828006033
-0.2148837209302325
-0.05189223861449653
-0.03965631196298744
-0.1015461346633416
-0.010183486238532026
0.2638993710691823
-0.1929191090269637
-0.037762237762237735
-0.2755555555555555
0.2125560538116591
0.03000669792364364
0.27625649913344885
0.06623728813559325
-0.3004958677685951
0.025661271219897353
0.09774696707105715
-0.2502901353965184
0.08787090057261852
0.02534562211981567
-0.20674925245621528
-0.2978989718372821
-0.08968105065666047
0.09360780065005414
-0.09874925550923166
-0.1263420724094882
0.14065096952908582
0.13940276766205395
0.03745469190495369
0.0851866102347057
0.3005008347245409
-0.2600732600732601
-0.03165137614678906
-0.011493461803165895
-0.030561656730467554
0.12571676802780196
0.05834018077239113
0.10983050847457627
0.01979414093428345
-0.20020581425263695
0.20750469043151976
0.08842592592592585
-0.39622641509433965
-0.05068078668683813
-0.04038171772978407
-0.26037000973709834
-0.1932522796352584
0.2244698205546493
0.13212669683257922
-0.09081632653061228
-0.02345679012345679
-0.15655853314527504
-0.09787674779906784
0.0713481285193773
0.1263565891472868
0.12516869095816463
0.15656143020159752
-0.013483146067415777
-0.08735362997658087
-0.060034502587694126
-0.14013121924548932
-0.06734463276836161
-0.12694693314955208
-0.4355339805825243
-0.03457538994800701
0.06292875989445916
0.05072951739618403
0.23201856148491878
-0.053150684931506785
-0.005929721815519699
-0.14374009508716318
0.4107997265892003
0.40413793103448264
1.3314814814814815
-0.0620749782040105
0.22404809619238467
0.036657433056325066
0.07343963553530744
0.09106126548376298
-0.05855513307984793
0.08592592592592595
-0.060127478753541144
0.2416311047889995
0.0563973063973064
-0.13597650513950077
-0.03694493783303722
0.07342874922215308
-0.23687031082529475
-0.19683481701285854
0.015708812260536487
-0.3269513991163476
-0.09385171790235085
