-0.07578125000000002
0.06954474097331233
-0.07152806226956161
-0.0952353780313838
-0.023087339201083214
0.08332234673698094
0.29419354838709666
0.5233532934131737
-0.006721162579473289
0.03924989097252508
-0.09591836734693877
0.25538669368456596
0.10456037942356801
1.2435
0.35175097276264583
-0.2211983887210473
-0.08429319371727752
0.07743547044129892
0.11109337589784521
-0.22238442822384422
-0.12326444091149968
0.37084282460136664
0.20022271714922044
0.12552552552552557
-0.17121439280359826
-0.15854361932227837
0.20402193784277878
0.2185303514376996
-0.11375852386682708
0.19554291133238505
0.38427947598253276
-0.04724152022885162
0.03701550387596904
0.20342224458983382
0.20349650349650344
0.018488745980707395
0.25206812652068133
-0.2725146198830409
-0.09242424242424245
0.04811260396673068
-0.5546325878594249
0.20324098274960803
0.12129436325678501
-0.20158730158730162
0.12021236253318164
-0.16004372779447934
-0.07763912310286672
-0.10730837789661317
0.03556797020484176
0.00915240748109829
0.5793611793611793
0.02544420753375974
0.36242969628796406
0.38943894389438943
-0.12825732899022801
-0.1074929121101661
-0.09079580855281787
0.11269146608315099
-0.2849557522123894
-0.012620027434842312
-0.3510040160642571
0.08072727272727276
0.05868673050615592
-0.136669874879692
-0.037008871989860546
-0.05995356935577478
0.25781454070526766
0.051796407185628834
0.2155145929339477
0.10838235294117654
0.5538461538461539
0.12112896903175226
0.0913833992094861
0.2928416485900217
0.17758369723435224
0.030729833546734954
-0.4035714285714286
0.17166108185734796
0.38136769078295335
0.46622369878183834
0.7054054054054054
0.13551401869158877
0.1265055619486
-0.035112540192925985
0.05653393157599549
0.14312684365781705
0.6931116389548693
0.0372294372294372
-0.07813357731015551
0.22323189027003865
0.07068493150684928
0.10987124463519315
0.25612708018154307
-0.1061032863849765
-0.347953216374269
0.21433506044905012
0.11080332409972299
0.017276264591439723
-0.007886953664147224
-0.07865528281750271
0.012172532415983064
0.4866350710900475
-0.059591836734693815
0.0044943820224719495
0.09223826714801449
0.09666430092264021
0.10585937500000009
-0.060255548083389315
0.1356378600823045
0.1899422918384172
2.612765957446809
-0.14203539823008848
0.4794820717131475
0.32537749634680957
0.3292116182572615
-0.1323513366066557
-0.026350245499181708
-0.007859733978234583
0.1667342799188642
0.22643097643097643
-0.005103359173126674
0.11487341772151909
0.5558441558441558
0.18887262079062958
0.05221843003412967
-0.057793594306049856
0.5208333333333334
-0.14701240135287483
0.1069026548672566
-0.0782186234817813
-0.24719654959950713
-0.17472607742878016
-0.10097447795823662
0.13470225872689942
0.2536489151873767
0.12979999999999994
-0.04999999999999993
0.3149059334298119
0.04123819517313741
-0.10437192118226601
-0.079375
0.2178549287042778
-0.11990898748577927
0.04054434537775697
0.16193724420191002
-0.011080074487895802
-0.09183673469387756
0.11494252873563218
0.19744245524296672
0.44751773049645377
0.5012396694214877
-0.019838809671419714
0.032079905992949416
0.08427401981904348
0.10892857142857146
0.04090275842853167
-0.06597285067873311
-0.0045662100456621
0.07987831377661894
0.16875262494750112
0.18000000000000002
0.4342696629213484
0.026934673366834125
0.002057310800881671
-0.06083713220058026
-0.06912035333087971
0.23666666666666672
0.14504347826086958
-0.2823529411764706
0.11493670886075943
-0.17556517556517556
-0.15819872736172297
0.019413092550790118
0.9186915887850469
-0.08100987925356753
-0.11870967741935487
-0.10949445129469784
0.037449118046133004
0.038386041439476604
0.040787623066104076
-0.375968992248062
-0.24044943820224726
-0.015531914893617086
-0.04615384615384618
0.2537134283570893
0.008472156116135261
-0.3128378378378378
-0.0731474103585657
0.14589963280293763
0.17068110058637803
0.07909774436090229
-0.005113454777884308
-0.022275696115503674
-0.04242781378903948
0.3507692307692308
-0.03935483870967738
0.10749440715883671
0.1792507204610951
0.2945945945945946
-0.028020565552699172
0.0594226402854362
0.15902271753107586
0.1287013459439797
0.07205882352941176
0.5753424657534246
0.38922155688622756
0.017394158188382015
0.2244310264746864
0.17288765088207989
0.17044623262618874
0.20963855421686756
0.1665738161559889
0.0059637912673056685
0.061538461538461486
0.32613875262789077
0.03818181818181825
0.8926829268292682
0.7781420765027321
0.44919590643274854
0.2620938628158844
0.2799472295514511
0.27559633027522945
0.044631073785243
0.24872436218109045
0.18521939953810634
-0.20126655152561884
0.046311010215663966
0.09845238095238101
0.16633405639913237
2.049462365591398
0.35952121871599574
-0.018087472201630907
0.1626315789473685
0.18460161145926593
0.004887218045112753
0.2037037037037037
0.1121315192743764
0.7794871794871796
0.08122065727699528
0.03801381124630053
0.19556451612903225
0.4331081081081081
0.1798515376458113
-0.07366412213740463
0.01403050108932454
-0.13006329113924045
-0.27037037037037037
0.3192546583850932
0.19849906191369598
0.17518796992481198
0.4267657992565056
0.16049822064056948
-0.12168865435356195
0.21967213114754092
0.08403614457831318
0.045237020316027006
0.12010602044680038
-0.15030891438658425
-0.19245585874799354
0.14505231689088185
-0.00028585040495469704
-0.007800121876904299
1.0707964601769913
1.2193548387096775
0.9039370078740159
0.08994164092001374
0.07415982076176247
0.23671071953010286
0.07219564061669323
0.005626598465473117
-0.06591970121381888
-0.056876663708961765
-0.14923224568138196
-0.14225466342254658
-0.38604651162790693
0.1265415549597855
0.015484804630969675
0.0998776009791922
-0.19805300162249867
-0.035283842794759906
0.12852081488042508
-0.03169398907103821
0.007822954194544542
0.016550412175015794
-0.3632876712328767
0.40623342175066307
-0.00309892729439812
0.0401483924154988
-0.0481598317560463
0.008965517241379388
0.11618911174785103
0.14627968337730862
