-0.40727272727272723
0.22268326417704012
0.1575095576187876
-0.1357927786499215
-0.15493902439024385
-0.09439828464218704
-0.1875
0.18063725490196075
0.3002227171492204
-0.2777604976671851
-0.0716993254095727
0.023387374956881746
-0.024630541871921183
-0.037037037037037035
0.004507710557532568
0.2868440502586843
0.12994082840236681
0.25200984413453653
-0.033610122578094107
-0.018337827898994897
0.006573248407643359
0.5014634146341462
0.2811891891891891
0.4098109351047522
0.2699410609037328
0.33351063829787225
0.359802538787024
0.30055970149253736
0.07379679144385033
-0.19831302717900662
0.3656004195070791
0.2226415094339623
0.026094205919132935
0.2372850678733032
0.01967946328736496
0.084741144414169
0.03832020997375334
-0.0855106888361045
-0.01661442006269596
-0.025757575757575802
0.1763979193758127
-0.0606168748406832
0.008746981486450204
-0.24732479276563682
0.011073985680190844
0.7329949238578679
-0.08493150684931502
0.021331521739130496
-0.06872193953906014
0.07866205305651677
0.5760295670538543
-0.007001321003962952
0.20092378752886836
0.26021829130598423
0.02467902995720393
0.7545839210155149
0.47672035139092245
0.3907983761840324
0.051220488195278115
0.11157528285465626
0.38095689246802455
0.12310969116080928
0.06922845992194533
-0.25103611604499704
-0.15214477211796246
0.4941176470588235
0.26609271523178807
0.1551528878822197
0.005903851560303626
0.158111316275389
0.21168384879725086
0.552259242355089
0.07203389830508475
-0.010948411804460547
-0.05111747851002868
-0.02314990512333966
-0.234245939675174
-0.2508676251859197
-0.02941970310391367
-0.1410296411856474
0.13598925693822747
-0.09335229292570206
-0.13043478260869565
0.010659709280655948
-0.028372739916550732
-0.038018309100700004
0.31521739130434784
0.3476133651551312
0.41025641025641024
0.34974146845915205
0.020833333333333332
-0.021133847702113386
0.03446925186055621
0.2233901515151516
0.24345679012345683
-0.06586746586746593
0.05127768313458266
0.16190476190476197
-0.3787638668779715
-0.2515096065873742
-0.15989393437189264
-0.01417322834645667
0.6281818181818181
0.5733674775928297
0.13615328994938536
0.1860601614086573
0.470250307755437
0.28271484375
0.1894698620188817
-0.09370078740157475
-0.18219749652294853
-0.2451612903225806
-0.3835818214478175
-0.1502598366740905
-0.1252032520325203
1.3348226018396845
0.0032977099236641775
0.1294847920546244
-0.12298980747451871
-0.06386513559736137
0.19973839110529765
0.31343963553530757
0.5527800161160354
0.5253958944281526
0.1795792426367461
0.09696969696969705
-0.006623735050597948
-0.30678733031674205
0.21749422632794446
0.04586387434554977
0.015262824572514192
0.7283911671924289
0.36268068331143233
0.5434581836839404
0.7763288447909285
0.3329275715155204
0.32541176470588223
-0.08926315789473688
0.32841565105837073
-0.03789186733303048
0.2256865912762521
0.3160377358490566
0.22676787854574507
0.3347689546882009
0.45005662514156297
0.04618705035971226
0.1757575757575758
0.14163036714374605
-0.16303191489361704
0.36087262491203376
0.2317250495703899
0.5946268656716418
0.6078740157480315
0.3474973748687435
-0.28686711930164893
-0.1546062407132243
-0.2990926275992438
0.23163636363636364
0.37197278911564624
0.3026637069922309
0.11830985915492966
0.2791150442477877
0.19475587703435812
0.3461810824481538
-0.150786308973173
0.8473563218390805
0.26238217652099405
0.2895500725689405
0.5284276729559747
0.21046946406314912
-0.14204255319148934
-0.1941544885177453
0.77984496124031
0.2405017921146954
-0.32992237120677487
-0.18718861209964416
-0.08194174757281551
-0.5319090282563749
0.42962962962962964
0.17673179396092362
0.26864085041761576
-0.010006176652254506
-0.15747126436781614
0.10470016207455426
0.5291467576791807
0.00897435897435901
0.8069400630914827
0.846351931330472
-0.03160800552104897
0.07866261398176297
-0.0969745222929936
0.16958405545927213
0.34387947269303215
-0.03311909262759921
0.051679156258673274
-0.10345025876940776
-0.09827915869980883
-0.03398843930635836
0.15360664244940322
0.08539719626168227
0.16885617214043025
-0.11061038220193958
-0.003490847169008011
-0.17166064981949464
0.23540669856459326
0.17290400972053457
0.020573183213920185
0.06698412698412694
0.14821928771508608
0.5076741440377804
-0.007608695652173944
0.338747268754552
0.08817567567567562
0.1761932479627474
-0.048657187993680885
-0.08542214431784986
0.23023141309699652
0.29991408934707897
0.04027130139889784
-0.029296041716046436
0.43955739972337476
0.6295845997973658
0.31919286719849826
0.2441662941439427
-0.014533622559652863
0.43427141963727334
0.32844957350727544
0.15431034482758618
0.004402515723270369
0.06108007448789563
0.02000000000000007
0.3205640423031727
0.4122265122265122
0.37968285431119914
0.5224999999999999
0.6956152758132955
0.25136612021857924
0.5471074380165288
0.1765265662172878
0.7359183673469389
0.721347291761493
0.5700440528634363
0.2092496765847348
0.046298031865042256
0.7331890331890331
0.5015761821366024
0.2838095238095239
0.3475326329194525
0.20996677740863784
0.418848167539267
0.4855191256830602
-0.015744892874937674
0.16173598553345384
-0.002526847757422615
0.07575757575757576
-0.06146412176854315
-0.0953431372549019
-0.10332914572864321
0.0998575498575499
0.06548107615139075
0.7007575757575758
0.8013210039630118
0.7987654320987655
0.35002192021043405
0.011028549080954173
0.26204379562043795
0.08779069767441852
0.09732797351619776
0.08928739971684749
-0.2099513250405625
0.48369330453563725
0.07744392721117224
0.09506037321624591
0.1355068168346176
-0.2667879890809828
0.403452243958573
0.2604267425320056
0.45980066445182716
-0.10269938650306745
-0.341690408357075
0.031055900621118012
