0.5771626297577855
0.19978401727861772
-0.015404814004376289
-0.05207100591715983
0.034699453551912535
0.3135446685878963
-0.181863091037403
-0.1986401673640167
-0.12007819044959508
-0.1130907570054371
-0.32560706401766004
0.20322043309272628
-0.37621040047818294
-0.6231245698554714
0.42238442822384425
0.3414921465968588
0.45914221218961626
0.8476761619190406
-0.045430978613091325
0.28545627376425853
0.09873417721518987
0.11844660194174754
0.2984472049689441
-0.16126656848306334
-0.06565910999160374
1.0855172413793102
0.2472906403940887
0.16849015317286653
0.6521348314606743
0.5870000000000001
-0.014285714285714247
1.3423948220064723
0.017460869565217328
-0.004704301075268817
-0.09625857870267882
0.1501632208922742
0.0024096385542168447
0.05835135784667152
-0.04481636448163649
-0.029606625258799195
-0.30303030303030304
0.10287081339712918
0.5074829931972789
0.5844484629294757
0.8305263157894738
0.6264521193092621
0.40015100037750095
0.29655575014594276
-0.20359955005624297
-0.1048625792811839
0.09120241996470889
1.0431237042156185
0.6668902731193102
0.605232558139535
0.38580558358560374
-0.0054523666866386515
-0.19266689726738154
-0.0412
0.12572145545796734
0.08411083830235011
0.07016823963890029
0.026046939714680122
-0.15836820083682007
0.12148237420909908
0.4178757980266976
-0.010365853658536586
0.10012642225031611
0.053685069350013624
-0.015464512406231942
-0.11222707423580781
0.20977312390924965
0.33183593749999996
0.21193277310924374
0.28393162393162397
0.346782988004362
0.13211618257261415
0.19036519036519037
0.14740425531914897
0.019638648860958365
0.030816451810926977
0.11666666666666667
0.2430939226519337
0.12282430213464689
0.5138339920948617
0.598314606741573
1.2194495412844035
0.3298701298701298
0.14003368893879847
0.10497688332880065
0.2858369098712447
0.8508250825082507
-0.2510451045104511
-0.10190773499826576
0.1660569105691058
-0.13323029366306036
0.3108814589665654
0.19727810650887578
0.32891156462585025
-0.17508532423208195
0.10989522700814898
-0.01670111616370405
-0.01942369263607262
0.11491395793499048
-0.01808585503166787
-0.05068778657774069
-0.3440976933514247
0.021162021728861682
0.1663379355687048
0.17424781624069877
0.2890616004605641
0.175
0.16193001060445392
-0.06850335070737155
0.23822027716994887
0.22478070175438597
-0.0036410256410255946
0.8107264086897487
0.8505586592178771
-0.12991735537190086
0.26886858749121567
-0.41404958677685955
0.027164333851736697
-0.014200743494423724
0.1428946217752515
0.3013589658601259
0.04823451032644909
-0.18858695652173907
0.16442115768463073
0.09692737430167594
0.012162824914173703
-0.01657214870825454
-0.045426019792420905
0.5237370994024986
-0.1851351351351351
-0.0019650655021833563
0.8562060889929743
0.11507983441750438
0.12352941176470579
0.7522316043425813
0.0592531576057112
0.18503401360544217
-0.008678021086780247
0.20790683420165496
0.013316790736145499
0.253388332351208
0.24584269662921343
0.45697674418604645
1.1330029732408324
0.852112676056338
0.2220472440944881
1.1992385786802031
0.18900226757369612
0.12433679354094573
0.17064220183486242
0.09105914718019263
0.03386897404202716
-0.008950617283950546
0.18915929203539822
0.29897889720898574
0.28534482758620694
-0.5178823529411765
0.5870833333333333
0.01664025356576862
0.31138461538461537
1.7184466019417475
-0.10122394971882236
-0.04182553437319474
0.0967208440262332
-0.058583899127061044
-0.0341758241758242
-0.13223626212165737
0.2231005709266579
0.05209545983701979
0.1373192653380227
0.3132008516678495
-0.17809330628803247
0.05565060783430883
0.10817263544536268
-0.03297931805477921
0.175774647887324
0.06448445171849423
0.15074257425742568
0.08405797101449271
0.08971255673222384
-0.24422805088738808
0.17586726998491714
-0.11128236744759556
0.12679355783308935
0.46679090570257176
0.056830601092896206
0.28690928843020086
0.1926008968609865
0.0259911894273128
0.20374479889042993
0.24739638682252918
0.08000000000000004
0.2980255516840882
-0.1690455212922173
0.1331202046035806
0.46119027661357925
0.21106442577030818
-0.27044410413476266
-0.12936296296296293
-0.016004001000250064
0.08061002178649238
0.04584113399304629
0.17177033492822974
-0.3843222174101343
-0.011459414573385887
-0.2693598862019915
0.7892425905598244
0.8662440570522978
0.24904458598726112
0.8659959758551308
0.9044303797468353
0.31280388978930307
-0.0798783578307146
-0.1728106228264306
-0.12306675479180439
-0.17162629757785466
0.24045368620037802
0.04060150375939854
0.015503875968992248
0.1984025559105432
0.2334519572953736
0.5041916167664672
0.16266390614216705
-0.003080082135523614
0.15481886534518113
0.15188940092165895
0.12315175097276256
-0.037589549093973794
0.14618015963511977
0.4354166666666668
-0.01690019400732909
0.14715832205683355
0.37950065703022334
0.2920127795527157
0.18300884955752214
0.2995343061161131
0.5310734463276836
-0.018504076568592633
-0.020420070011668612
-0.17558348294434473
-0.30620921911176596
-0.11686920700308952
0.09055963821368007
0.05652173913043478
0.36759457530335476
0.43894230769230774
0.5851851851851853
-0.16530953708867824
0.32420634920634916
-0.05146618791143028
0.0457364341085271
0.2645006016847172
0.17487301049779888
0.21826086956521745
0.24644260148406805
0.5031663788140472
0.7397208121827412
0.3850505050505051
0.18677918424753862
0.5383908045977013
1.6579124579124578
1.0365111561866125
0.8221119773210489
0.8456310679611649
0.23412812410226946
0.6115453384418901
0.14164790634849164
-0.1455089820359282
-0.2541353383458646
-0.011886792452830103
0.30520547945205484
0.03440522875816991
0.36722025592159
0.19275707110758653
0.08170155300472653
0.09358761746821445
-0.04533884823417118
-0.018428277282086417
1.0516260162601625
0.2611620795107034
0.3532580364900086
0.16566186107470507
0.08660409556313993
0.03535108958837769
0.0021712907117008443
0.10559881349647764
0.31188888888888894
0.11660546715626283
0.39215686274509803
0.043310004116920466
0.5743740795287187
0.5684210526315789
0.5542857142857142
