0.09804424495030464
0.14966501602097296
0.12403400309119011
0.49326845093268457
0.6594262295081966
0.5736890524379024
0.9807860262008734
0.06297872340425528
-0.009286898839137683
-0.0028037383177569384
0.054068241469816335
0.1211378555798688
2.044295302013423
1.0822840409956076
0.28744038155802853
-0.10469083155650324
0.4861024033437827
-0.20560420315236425
-0.06855123674911653
-0.45842349304482227
-0.20963517305893362
-0.12098171318575558
-0.08398009950248754
-0.43397435897435904
-0.2414715719063545
-0.005129958960328317
-0.6705095213587235
-0.2684848484848485
0.02739322533136975
0.029508196721311476
0.1084128745837957
0.08866100205098151
0.07366465397120293
0.14572605561277033
0.12905507832238508
0.08722794959908359
0.12738461538461535
0.042490660024906694
0.19983493810178807
0.15739673390970213
0.11323167732415142
0.15389610389610392
0.05652283623517537
-0.097542043984476
0.03608445297504802
-0.034212673375034044
-0.0046611304580766386
-0.005241730279898196
-0.008392156862745134
0.07212974818608621
0.11188850967007966
0.6969585253456222
0.8470103092783504
0.3892709766162311
0.7204968944099379
0.6670967741935484
0.09399339933993406
-0.015063221550302415
0.1874669020300089
0.10530612244897962
0.10056061667834618
0.11800643086816717
-0.11592356687898087
0.2054176072234763
-0.20047003525264398
1.0221052631578946
1.2547993019197208
0.9341836734693879
0.8297101449275363
0.12335664335664343
0.9500000000000001
2.122077922077922
-0.03132670952659258
0.9666300768386388
0.6845379688929553
0.5401167639699749
0.7602179836512262
0.029354597557936752
0.06959459459459451
0.7247148288973383
0.004695104494703719
-0.18289085545722714
0.46444444444444455
-0.27999999999999997
-0.42515651678998295
-0.28460686600221485
0.01776061776061785
0.2546302465023318
0.21175417661097856
0.2208116073452732
0.29251934651762695
0.262573591253154
0.19363665287941453
0.24180679195515994
0.19124866595517606
0.1804908747640025
0.2906697195191758
0.1586377473363775
0.019967199671996644
0.09479071467738993
0.03517877739331027
0.17192072606038153
0.03235544217687071
0.17843809523809528
0.0891600861450108
0.29209348582794636
0.28700614574187894
0.17875403325887312
0.15847908745247144
0.19840098400984005
0.06003110419906691
0.06439957492029758
-0.06309278350515461
0.03653483992467039
0.09874895746455387
0.15717451523545697
0.152837522674268
0.14899837574445035
0.10708126469819707
0.013588516746411526
0.05898203592814362
0.07612719506407219
0.25177851118445177
0.08125255832992223
0.15663374838986696
0.05373993095512088
0.12639442231075707
0.023128491620111782
0.15048196089231605
0.07090163934426225
0.20926784059314177
-0.18257372654155501
0.2527859237536656
0.13561643835616433
0.6746031746031746
0.2382608695652173
0.05471956224350205
0.028330522765598574
0.3849425776265419
0.4116119174942704
0.22564612326043737
0.16832267584849966
0.37918480411555194
0.18324225865209476
0.1277441659464131
0.09124157844080842
0.13374805598755832
-0.11640866873065023
0.11989100817438691
0.19852008456659614
0.16540642722117202
0.5855555555555554
-0.15755287009063437
0.01873004611564391
-0.1297623842126459
0.07374815905743748
-0.06739597577651885
-0.15164466792373774
0.0594753616082374
0.08858735158710937
-0.0809876543209877
0.04724748683580652
0.027746591820368812
0.2500840336134453
0.47680608365019
0.47980049875311725
0.024605302353291603
0.5713170731707317
0.609049773755656
-0.15309229305423405
-0.12753257671290463
-0.09061962134251286
-0.01217690982194144
-0.1758079409048938
0.3707253886010363
0.4457831325301205
0.22857142857142854
0.4584008097165993
0.38309002433090034
0.2487935656836462
0.6132762312633833
0.2566523605150215
0.5823529411764706
0.12852664576802508
0.22879884225759772
0.5663201663201662
0.37474456379355503
0.23035320088300226
0.7409790209790209
0.23660311958405542
0.41747951619196255
0.4152777777777779
0.2768831168831168
0.21029997345367663
0.10964577656675752
0.18148873653281092
0.0538666666666667
0.5221153846153845
-0.0832809773123909
0.2201564657156006
0.6271405492730211
0.2592817400101163
0.09334967821023595
0.2917956204379561
0.028558246828143063
0.22557162855809618
0.3298467087466185
0.2426829268292684
0.07802226249029243
-0.006743421052631616
0.10551692165044038
0.06481759120439771
0.1065581854043392
0.16199808795411094
-0.04823672476692339
0.15571212883744343
0.24263392857142868
0.15261555494049256
0.11013192612137193
0.07357566383088415
0.03147830350576113
0.1675146771037182
0.35580357142857144
0.35640874187832255
0.22327545753167535
0.3128491620111732
0.20995260663507107
0.16153846153846158
0.10277529095792297
-0.17221458046767543
0.06820083682008365
0.1407766990291262
0.031008801624915337
-0.22985611510791368
0.10997442455242967
0.3130434782608696
0.18711217183770879
0.46875
-0.12536443148688048
0.11165919282511214
0.8832214765100672
0.20693877551020418
0.09646996838777656
0.0626146788990826
