0.11399055489964575
0.035167859108420525
0.3485254691689008
0.20663316582914565
0.040938166311300615
0.11074977416440823
0.0623694961416251
-0.23339540657976413
-0.031196336576989125
-0.20610687022900764
-0.05091258405379443
-0.24113475177304963
0.3771428571428571
0.043701399688958045
0.08823166974738142
0.866225165562914
-0.09097472924187722
-0.028411214953271112
0.25319396051103366
0.09497126436781612
-0.05199189736664416
0.08730468750000009
-0.1138762214983713
-0.08952519028633563
0.25517786561264816
0.3577922077922077
0.14747081712062263
0.32552631578947366
-0.21641705069124426
0.19350649350649346
0.009413803060929803
0.2917127071823205
0.17097684923771891
0.044366505918456735
0.15884203901825053
0.11565053425518541
0.1406465874550981
-0.00744320927984538
0.061696406746516656
-0.26772422208663815
-0.1068309070548712
0.012840136054421691
-0.039476678043230996
0.07427642276422768
0.06626170589724126
0.11425882352941186
0.07709563164108613
-0.12616179001721173
0.14840848806366044
0.131385154880187
0.004862579281183956
0.08959795788130191
-0.009756097560975695
-0.24252199413489733
0.43211678832116796
0.34392523364485994
0.1335423197492162
0.2714285714285714
0.037914691943127965
0.10295756536648085
-0.07389732465654378
0.02370218579234976
0.13486176668914363
-0.18800959232613904
0.3239202657807309
0.7583081570996979
0.4229283489096574
0.10117096018735361
0.30129310344827587
0.12272562522653131
0.054289544235924934
0.05807061790668342
0.6106870229007634
0.09690048939641105
0.14013483146067424
0.020452592380406788
0.1747796610169491
0.15539065910082933
-0.04778613199665835
0.08628532046864235
-0.01770546056260337
-0.0468473302924604
-0.2140417457305503
-0.07779527559055115
-0.2432455039732329
-0.20972785176606834
-0.23547758284600387
0.09684981684981689
0.37772727272727286
0.18874230430958655
0.17582417582417584
-0.13387922210849534
-0.2715506715506716
-0.2744263662911973
0.05221932114882506
0.1599167100468505
0.021876799078871616
0.07138662316476352
-0.00011743981209632734
0.12674805771365155
0.05659751037344402
0.6962518740629686
0.7678125000000001
0.5226804123711339
0.24846547314578
-0.1666193181818181
-0.1828537170263789
0.0854781582054309
0.1616964285714285
0.07351413733410277
0.15720233139050788
-0.36462736373748605
-0.023114355231143552
0.06758832565284179
0.2319676860934795
0.06204819277108429
0.7602634467618001
0.7144927536231884
0.6801425661914461
0.7307385229540918
0.17626943005181336
0.9010934393638171
0.5940444444444444
0.08382741414734368
0.046865067899450975
0.19535814325730286
0.10606458388028354
0.12155670416539988
-0.10303747534516758
-0.05655783065855011
0.09384670744872263
0.25417276720351395
-0.022628522262852186
-0.11504702194357366
0.0472123368920522
-0.1287037037037037
-0.22562499999999996
-0.21653631284916197
0.066164105537837
0.0014938236139039984
0.4979459459459458
0.3209044030146767
0.15820433436532516
-0.27401617250673854
-0.2559169938306225
0.5132113821138211
0.43117469879518067
-0.15545602605863199
-0.33880217785843925
-0.16112064036592336
-0.21682408500590317
-0.20337122696981574
0.030089628681177975
-0.0007109004739336763
0.5273100616016426
0.021654749744637432
-0.03923782639378963
0.10784194528875385
0.013245758073344304
0.20209737827715352
0.4206440957886045
0.18551637279596972
-0.1484916704187303
0.03548933288181517
0.3195668986852282
0.2618398637137991
0.18364928909952608
0.26826923076923076
0.21621447028423776
0.6758490566037737
0.1447831184056272
0.6492505353319059
0.06632016632016627
0.13389544688026978
0.10689886135298052
-0.031930466605672544
0.7601577909270216
0.4319261213720318
0.21937452326468337
0.04606299212598428
0.24934725848563968
-0.0593475177304964
0.1760896637608966
0.12275204359673028
0.13157121879588843
0.1972910216718267
0.08426197458455527
0.07700748129675815
0.0174779609045611
0.03960720130932904
-0.022964509394572025
-0.02304147465437788
0.029763356916321055
-0.03449814126394059
0.12385661310259585
0.1079365079365079
0.0864508393285372
0.0976241900647948
0.1736363636363636
-0.16047197640118
0.3078817733990148
0.044062947067238845
0.2908333333333334
0.01697569015245151
0.21630952380952387
0.7004739336492891
0.5280605805637357
0.10319895968790642
0.4100436681222707
0.42283298097251587
0.4689038031319911
-0.01164195496979684
0.0545454545454545
0.22003434459072702
0.29130166563849463
-0.003582853486884139
0.255392156862745
-0.04765027322404378
-0.24989154013015183
-0.012404287901990847
0.21635687732342004
-0.16603248259860787
-0.12967441860465115
0.3496567505720823
0.50920245398773
0.11756097560975606
-0.13640167364016734
-0.08211664735419077
0.13451676528599615
-0.06418439716312065
0.0584768465365481
0.039449035812672124
0.2521560574948665
0.022935779816513763
0.04394202898550722
-0.024931954273271613
0.3585434173669468
0.08677685950413223
0.29492753623188417
0.3758207399687336
1.113214285714286
0.6549945115257959
0.2896
0.5485639686684074
0.12429132141299608
-0.05616071428571437
-0.09367341835458863
0.19877425944841665
0.2512755102040816
-0.049403747870528106
0.18708150152181258
0.16714719271623668
0.11078305519897298
0.44648148148148153
0.4097804391217564
0.7140762463343109
0.7706563706563707
0.2391829155060352
-0.00021216407355018
0.6232749742533471
0.835310344827586
0.30986547085201804
0.47847133757961774
0.7505277044854882
0.4336000000000001
0.3023809523809525
0.7777777777777778
0.017733990147783176
0.12727272727272737
0.16445803601766903
0.16227544910179637
0.12384406165004525
0.3139465875370921
0.11815856777493604
0.17372134038800705
-0.2463917525773196
-0.06625119846596358
0.09354966363276616
-0.3698732289336316
-0.018440905280804692
0.08083832335329341
0.728478543563069
0.13161592505854802
0.34828897338403036
0.35485599464166107
0.08550469483568078
-0.23357664233576642
0.3822727272727274
0.16940509915014168
-0.37122302158273385
-0.003931847968545216
0.45286506469500926
-0.01794871794871802
0.011205737337516808
0.01959438377535107
0.2690563277249451
