-0.5989690721649484
0.31428571428571433
-0.05131894484412464
-0.20490566037735852
-0.10433333333333338
-0.10427350427350425
-0.26241721854304634
-0.0605304212168486
-0.023465703971119134
-0.5241379310344828
-0.07551622418879063
-0.2638364779874214
-0.06596066565809383
-0.12698961937716258
-0.3447368421052631
0.08813559322033898
-0.18197802197802201
-0.15650000000000006
0.9428571428571427
-0.21705685618729098
-0.11589403973509933
-0.13493975903614455
-0.1603703703703704
-0.14631578947368418
-0.36370370370370364
0.10397553516819572
-0.15808936825885983
-0.5584928229665072
0.039339339339339405
0.11465378421900169
0.0690846286701209
0.045818181818181904
0.09225589225589217
0.04550561797752806
-0.11826086956521734
0.1771014492753624
-0.2809958506224067
0.0701846965699209
-0.1602484472049689
0.09473684210526322
-0.10819672131147547
0.011050920910075888
-0.23523654159869492
-0.08533333333333337
0.2334600760456273
0.3655813953488373
0.1462897526501766
-0.0139817629179332
0.21463414634146347
1.1042253521126761
0.018711018711018712
0.03190476190476185
-0.4617647058823529
-0.060806916426513036
0.7131313131313131
-0.27658914728682166
1.541439205955335
1.3398907103825135
1.1242819843342038
2.312562814070352
0.14976000000000003
-0.5529555149299208
-0.5836549375709421
-0.26000000000000006
-0.420125786163522
0.36296296296296293
0.08361858190709044
0.016520650813516953
-0.05816733067729082
-0.011621621621621652
-0.31776416539050534
0.18860927152317877
-0.26119402985074625
-0.08790199081163856
-0.2614285714285714
-0.11204188481675395
0.24291187739463593
1.388732394366197
-0.07397260273972597
0.21825726141078847
0.1462897526501766
0.15519999999999998
-0.09922779922779919
-0.05311475409836068
0.1423347398030943
0.10353260869565224
0.9119341563786009
1.1794002607561929
1.8271698113207548
1.2062585034013604
1.325
0.1045685279187817
0.1792284866468842
0.054838709677419384
-0.041045751633986896
-0.18031278748850046
0.17440000000000008
0.04664948453608253
-0.1680111265646731
0.10924574209245737
0.11497797356828192
-0.34281690140845067
-0.27093749999999994
0.27918367346938766
-0.18579234972677597
0.07713717693836984
-0.26122860020140987
-0.089237668161435
-0.05384615384615385
0.1148036253776435
-0.06543209876543213
-0.0661224489795918
0.07941176470588243
-0.1805687203791469
-0.0578125
0.12493074792243773
-0.2528716216216216
-0.14698795180722896
-0.3407079646017699
1.0410958904109588
2.188085106382979
9.51025641025641
3.0972375690607734
