0.17686567164179096
0.1846663511594888
0.6258121158911325
0.08741800834824086
0.38647422680412363
0.026547743966421778
0.19720865317515696
1.5050000000000001
0.48804347826086963
0.38720379146919426
0.6080985915492957
0.9215819209039547
0.5635726795096323
-0.037711864406779684
-0.07247915087187257
-0.27379087977890376
-0.20884265279583877
0.20000000000000007
-0.08653220559531555
0.07514071294559091
0.015285171102661527
-0.1122241681260946
-0.017596899224806235
0.4119133574007221
-0.3048513302034429
0.11666666666666675
-0.2784313725490197
-0.016245006657789572
1.0332394366197182
-0.2726688102893891
-0.038702201622247905
0.36645569620253166
0.7432624113475178
0.20337078651685397
0.03627992633517504
0.17313109425785478
0.12700831024930753
0.010645638245441059
0.2557776694295465
0.21017612524461843
0.11570247933884298
0.18346222486615116
0.3876150627615063
0.3720338983050848
0.434946980175196
0.28903654485049834
0.9982241953385128
0.6154885186852769
0.21307072515666964
-0.3494318181818182
-0.015033783783783745
0.26929392446633826
-0.025401256106071243
0.011222444889779559
-0.09314140558848434
0.07563468513023412
-0.027892432770481493
0.2476458186929024
0.025361512791991052
0.18127659574468077
1.1633802816901408
0.07603211009174307
0.13619866284622723
0.22388059701492538
0.5502762430939228
0.0014487504527345165
0.14504084014002327
0.23979785217940613
0.2803827751196172
0.6933916423712342
0.40101781170483464
0.39413919413919407
0.5872023809523809
0.49250000000000005
0.580025445292621
0.7324324324324325
-0.006599713055954122
0.8479999999999999
-0.1284114765570329
0.5537722908093279
-0.18044654939106905
-0.11804400977995115
-0.11073271413828685
0.01521918941273775
0.07109955423476973
-0.0352978056426332
0.11969358442387489
0.3582379862700228
1.103754266211604
0.8297297297297298
0.11954022988505754
0.06085470085470089
0.167489270386266
-0.39642857142857146
0.1503260869565217
0.09858564693556826
-0.0929292929292929
-0.2053768602976476
-0.11925630810092955
-0.464388961892247
0.1594919786096256
0.5644171779141104
0.1213861386138613
0.2639123102866779
0.5123343527013251
-0.007807807807807876
-0.4408941004030781
0.1431839847473785
-0.030639494026704083
0.13595113438045373
-0.01078894133513149
0.009684947491248489
0.40412371134020625
0.6678142931664057
0.0826266804550156
0.0265593561368209
0.5440428380187418
0.28526315789473694
0.035899481451934584
0.2565982404692082
-0.01651131824234351
0.06377130291368883
0.22141603276770047
0.12526582278481016
-0.023501427212178922
0.015205913410770832
-0.8054711246200608
0.3431192660550459
0.1592356687898089
0.234581673306773
0.2040567951318458
-0.04399533618344338
-0.1345050878815911
0.08922955974842767
0.6421118012422361
1.0148484848484849
1.0909090909090908
0.24515103338632757
0.22365503080082133
0.3880095923261392
1.1693012600229094
0.674328974535444
0.6561604584527221
-0.17117117117117117
-0.18660826032540678
0.3531496062992125
0.20252138676271958
-0.02855007473841558
0.1471641791044777
-0.22882483370288242
0.4
0.2839416058394161
-0.47567839195979894
0.8697674418604652
0.14063670411985024
0.20325644504748977
0.17055730809674033
-0.018064876957494383
0.17177152317880795
-0.22698019801980196
-0.3627906976744186
0.05613207547169814
-0.0212021857923497
-0.008318687756297625
0.016724738675958226
0.2346948582412302
0.0981515711645102
0.050553097345132796
0.019388646288209646
-0.014352392065344171
0.4296407185628742
-0.09154375614552608
0.11231393775372124
0.14969939879759514
0.33150572831423886
0.4859016393442623
0.6023529411764704
0.3505791505791506
-0.06508838383838378
-0.05534204458109147
-0.05994513031550075
-0.24141048824593128
0.8640692640692642
-0.02239168110918541
-0.06519762154599514
-0.0005564387917329455
0.248045486851457
0.24935064935064938
-0.45264808362369335
-0.10024402147388975
-0.1383793410507569
0.2208251473477406
-0.329433785680861
-0.012786489746682823
-0.16731662024141136
0.012720848056537103
0.3819289340101523
-0.08615725359911401
0.13008011653313906
0.2934442270058709
1.7207017543859648
0.2158992180712424
0.14749780509218613
0.37883817427385896
0.26750348675034863
0.38606965174129343
-0.17918660287081334
0.20844079718640088
0.4771212121212121
1.5
1.759041394335512
0.39775438596491225
0.5940119760479041
0.25049218297625936
0.037037037037037035
0.13145994832041344
0.39126365054602175
-0.08971166448230675
-0.09981637899375695
0.16830188679245273
-0.055164954029204974
0.19920979849861709
0.6573998364677024
1.2408262454434995
0.9175656984785616
0.658656873032529
-0.056323930846223925
0.05660613650594871
0.04318330071754732
0.37523178807947016
-0.06798710271764159
0.23766122098022363
0.08231349538977371
-0.05062949640287766
0.3758135444151275
0.5618655692729766
0.2830068819481206
0.22592592592592595
0.4169954476479514
0.3382005899705014
0.2145631067961165
0.2548853016142736
0.3813043478260869
0.06826446280991728
0.0005991611743559018
0.3504257332071902
-0.013224107665301292
0.12596263820053377
0.19757975797579766
0.21483113069016146
0.3635814889336017
0.18694404591104727
-0.07650551314673457
0.18331697742885178
0.27838258164852253
0.7436274509803921
-0.17024096385542165
0.7089005235602095
-0.2471153846153846
0.224
-0.10480769230769231
-0.08566638725901093
0.04507042253521127
0.07945619335347436
0.18176718092566624
0.6730659025787965
0.10659340659340663
0.3472049689440994
0.7780160857908849
0.01678060907395898
0.12529182879377435
0.07529761904761909
0.4679000000000001
0.34041687849517027
0.11815068493150685
-0.03309275594760764
-0.09715142428785611
0.006159420289855031
-0.036030204962243774
0.43520000000000014
0.06801619433198385
0.24465937762825912
0.03005780346820809
-0.14758478931140803
