0.036893819334389885
0.4890909090909092
0.3738805970149253
0.08446183953033275
0.08300395256916997
-0.07982583454281568
17.633333333333333
-0.16144578313253014
-0.04331450094161959
0.5996835443037974
0.1397617697107204
-0.10135135135135136
0.017402803491139957
0.022787807043503996
-0.020628301362246266
0.018867924528301886
0.25923997917751174
0.04741494776319314
0.244824016563147
0.1822920147009689
-0.02382048331415425
-0.10912476722532592
-0.10196078431372549
0.026109832292009236
-0.1783050847457627
-0.024983476536682057
0.1133746678476528
0.28776978417266186
0.04641163452418596
0.044444444444444446
0.3990123456790124
-0.02819869543401909
0.17406942701798403
0.2167727009832274
0.1800726517903477
0.06980728051391868
0.03022136669874874
0.11164179104477605
0.23698113207547167
0.4839609483960948
-0.041181845872677376
-0.09561034275405893
0.26720538720538717
0.11115618661257597
-0.09307604994324631
-0.10037735849056602
0.1822064056939502
0.12524115755627005
0.15362035225048923
0.1755623100303951
-0.19630591630591626
0.2503190519598905
0.03165548098433999
0.2212649945474374
0.3424657534246575
0.15546908776480756
0.5513559322033897
-0.02980062959076598
0.2998123827392119
-0.20892494929006086
0.5647644580620451
0.036808905380333885
-0.08448275862068963
0.0990990990990991
0.2658385093167703
-0.05170068027210881
0.15795454545454551
0.15343254920787322
0.07762523191094613
0.42881844380403455
0.307484662576687
0.2008708272859216
-0.10000000000000003
0.13236151603498536
-0.2758522050059594
-0.23728517331779783
-0.15798673899939716
-0.15617144698678695
-0.3733333333333333
-0.1932670237184391
-0.050591016548463305
0.06379310344827578
-0.06819721490402703
0.11658767772511848
0.04121580547112459
-0.109382518043304
-0.01885521885521893
0.09248518864982848
0.03475887170154683
-0.0521502449646162
0.12487632508833925
-0.3570446735395189
-0.11627906976744186
0.09136035186930574
0.05186355022109912
-0.06929541047188109
-0.04129930394431557
0.13864829396325457
0.11922705314009671
-0.12182684225273191
-0.1916647044972922
-0.00229645093945725
0.20688124306326314
0.17706725468577736
0.27426900584795316
-0.19350927246790298
0.24336525307797535
0.36471428571428566
0.2958739684921231
0.4324483775811209
0.42022315202231514
0.4878787878787879
0.3359271523178808
0.24438902743142144
0.24130105900151286
0.13266033254156775
0.12307692307692313
0.2080870917573873
0.23130203130203128
0.3835095137420718
0.13722250903458966
0.30028735632183906
0.022780832678711706
0.14067366896052158
-0.09806896551724141
0.10639730639730648
0.00017825311942963053
0.18387096774193548
-0.17348406988694762
-0.14373125374925008
-0.10971836572788572
-0.048921832884096975
0.07463853067604533
0.22771310552009016
0.3978583765112263
0.0815325670498085
0.510057321521626
-0.06382428940568476
0.1241782322863404
0.07274041937816335
-0.08233890214797136
0.6676923076923078
0.20339943342776212
0.20615763546798027
0.3274298056155508
0.11356466876971609
1.4647302904564314
0.16241071428571438
0.05555555555555555
-0.12358714043993226
-0.024190476190476276
0.011536197763390175
0.013790783720148
0.09397590361445783
0.18920930232558147
-0.08430232558139535
-0.15584740462789246
-0.20702576112412183
0.04896847022187629
-0.05049429657794684
0.17
-0.07900252981568483
-0.1127413127413127
-0.3733070348454964
0.45066666666666655
0.28198269079464994
0.2440129449838187
0.4264550264550266
0.1404761904761904
0.233810888252149
0.13161290322580646
-0.019178082191780844
0.12304661851608673
0.1380434782608696
0.21466198419666374
0.20988194140795802
0.32897489539748953
0.04438040345821319
-0.11844934917940009
0.32457482993197284
0.47532861476238614
0.08858290304073442
0.12364820846905535
0.10410958904109581
0.41230769230769226
0.07661469933184858
0.4101010101010102
0.1390964069726076
0.022926192031352
0.1443166441136671
0.215649978965082
-0.02937365010799133
-0.11235356762513313
0.16607773851590105
-0.03804425410421124
-0.11584158415841579
-0.06969696969696972
0.03282336578581363
0.16568201563857518
0.021770917952883797
0.07739204064352252
0.11522556390977436
0.24344335414808216
-0.19798183652875886
-0.12326656394453005
0.14379135850525498
-0.1370212765957447
0.22690785754663656
0.03301476976542137
-0.08752969121140147
0.0035294117647059046
-0.048011363636363574
0.5139579349904397
-0.0005277044854880967
0.023679303915475396
-0.010165263486124076
0.10796677945247617
0.15299047619047615
0.0656822209096279
0.13227124183006544
0.2652173913043478
0.10394381415451112
-0.040691927512355924
0.23209169054441262
0.10893997445721577
0.22695035460992907
0.03212643678160925
0.07637326273990741
0.08532393124724544
0.016420616420616443
0.2528652555498194
0.12103559870550154
0.3911270983213429
0.34327369118621603
0.4224137931034483
-0.3159874608150471
0.17749259624876607
0.4123916811091855
0.2082057562767912
0.14122203098106706
0.11540616246498596
0.10128534704370173
-0.027260458839406268
0.07848699763593378
-0.038476190476190456
0.05042396834369703
-0.15846702317290548
0.16655948553054656
-0.03477027793533747
-0.09528535980148878
0.4216791979949875
0.02844175491679267
0.24943181818181823
0.5936305732484076
0.14246575342465748
-0.02547254725472543
-0.11756350723845946
0.2512875536480687
0.015664556962025282
0.0723521320495186
-0.10615164520743926
-0.10281690140845066
0.10545137374618412
0.07154271665642292
0.06264150943396235
-0.06783216783216783
-0.16446991404011457
0.23986083499005958
0.17773391235688898
0.3609706774519717
0.7097844112769486
0.36490695024686676
0.5603976801988402
0.12099574189321981
0.16895745675549326
0.4405405405405405
0.3705229793977812
0.1616316124920331
0.3009427121102248
-0.03177570093457947
0.203125
-0.011105398457583501
-0.07724649629018965
-0.12561231630510847
-0.059508408796895215
-0.05910245554614729
0.20401146131805148
0.2722731906218144
0.06884057971014493
-0.09500780031201245
0.6263059701492538
0.3390545454545455
0.0755987055016181
0.017827298050139214
