0.13679245283018868
-0.15086128739800542
0.14257540603248256
-0.10402515723270446
-0.42966101694915254
-0.1383465670247548
-0.07025823686553882
-0.3151111111111111
-0.17551020408163265
0.0214525139664805
-0.37659033078880405
0.9032258064516129
0.36318407960199006
0.07489309712889426
0.02442868400315209
-0.1654545454545455
-0.12401103955841762
0.8502145922746782
0.4953020134228189
0.022625529340592917
0.07192982456140347
-0.21051314142678354
-0.10495049504950489
-0.4611068991660349
0.12381391064025803
0.09517153748411687
0.5872752420470262
0.23606182026330857
-0.14630872483221471
-0.147295673076923
-0.11725417439703152
-0.08819250139899268
-0.027118644067796675
-0.09029264810849394
-0.11047040971168441
0.10683291770573557
0.10813287514318436
1.4236842105263157
0.12164073550212164
0.3078313253012048
-0.041916167664670656
-0.11638689048760983
-0.060714285714285735
0.03211433375367805
0.1484455958549223
0.07463149728471687
0.5437837837837839
0.2430985915492958
0.2877338877338877
0.19111617312072887
-0.12921298354824362
-0.03351177730192715
0.07093105899076045
0.06915887850467284
-0.11411648568608097
-0.2361538461538462
-0.011716937354988426
-0.08296296296296299
0.010192837465564706
0.5002949852507376
0.5375
-0.04828767123287666
-0.04029038112522694
-0.006366723259762309
0.21837331772966637
0.5379446640316204
0.0850649350649351
0.11246840775063184
-0.01973140495867771
1.773684210526316
-0.13488914819136524
-0.07758405977584054
0.17314814814814816
0.05474509803921565
-0.027548543689320443
0.12950724637681166
0.10057995028997523
-0.06234413965087282
0.013559322033898305
-0.425531914893617
-0.009299442033477991
-0.10911161731207285
-0.08395967002749773
-0.13786231884057976
0.039205298013245064
0.008378870673952614
0.1278657968313141
0.029686174724342665
0.01755952380952374
0.8511627906976743
-0.02573839662447255
0.7014084507042253
0.08022598870056488
-0.172739916550765
0.007022222222222303
0.3363530778164923
0.46924066924066915
0.7351681957186543
0.10640394088669948
0.15999999999999995
0.27999999999999997
-0.01260835303388495
-0.17072879330943844
-0.2542483660130719
-0.3395
0.16109803921568636
-0.11918456497997819
-0.04553255931347806
-0.09470529470529467
1.2144578313253014
-0.0845569620253165
-0.015434380776340153
-0.033001658374792665
0.37303240740740734
0.11253196930946291
0.1409460105112279
0.4631578947368421
0.16801675977653624
-0.23568702290076335
0.011506276150627616
0.4632124352331605
0.07293156281920336
0.10396313364055296
-0.0037290242386575512
0.08106151990349825
-0.14132606721162583
0.10661000944287072
0.13076607947562466
0.10520547945205484
0.20986046511627898
0.9631878557874761
-0.12916666666666674
0.4040728831725616
0.0022033049574362
-0.032162295893122216
0.03595505617977531
1.5143661971830986
1.3962499999999998
0.333134328358209
0.3672107877927609
-0.2725352112676057
0.4034433285509326
-0.29907407407407405
-0.10959183673469386
-0.028127853881278496
0.936784741144414
0.28272859216255436
0.16105100463678523
0.5641227380015735
-0.3812098501070663
0.2209224916785544
-0.3286250939143501
0.11246418338108882
-0.01863161963664469
-0.01125619090499775
0.052772808586762074
-0.09927007299270069
0.04079422382671478
-0.04357142857142853
0.015176151761517574
0.17400204708290687
0.025281199785752568
0.16383795309168436
0.1437552388935457
0.1803738317757009
-0.067451952882827
-0.02767787333854581
-0.14835443037974677
-0.18635244460077388
-0.1688036345280162
0.20239316239316235
0.02287917737789197
0.6552
0.3111614730878186
0.056717805671780565
0.004828090709582962
-0.020901639344262233
-0.29763205828779593
-0.01811926605504582
-0.5092592592592593
0.19746192893401018
0.3463414634146341
0.16258503401360555
0.31111111111111106
-0.0988014590932777
-0.25383360522022835
-0.19935240151106318
-0.2848598130841121
0.21361256544502627
-0.05092056812204101
0.1771014492753624
0.20498442367601255
-0.00959097320169246
0.12003891050583666
-0.0016371077762619992
0.06995073891625615
0.4531645569620253
-0.059743954480796585
0.06578947368421052
0.01453396524486579
-0.06708074534161494
0.21572805682394713
0.0
-0.32883435582822085
-0.11174496644295306
0.08893011750154604
0.18055555555555555
0.007330279050395631
0.019721980886185965
0.3510373443983402
0.7424242424242424
0.13650519031141864
0.4370689655172413
0.5672014260249555
0.4340062111801242
0.7193932827735645
1.2597701149425287
1.9424242424242422
0.28183532369578884
0.007751937984496124
0.059044048734770385
0.43802120141342754
0.39416909620991253
-0.3128491620111732
1.3127819548872182
0.0254841997961264
-0.05309458933437139
-0.04171732522796359
-0.04610978520286392
-0.07602523659305989
0.05588235294117642
-0.11847619047619046
0.0038938053097345936
0.6358024691358025
1.146222222222222
0.25378151260504206
0.35779141104294465
0.5074651353568498
0.23373015873015865
0.22601416613007083
1.8458498023715415
0.1596774193548388
0.03058676654182272
0.15250137438152836
0.8155555555555556
0.13833017077798856
-0.11863550221099176
-0.20785463071512303
-0.17855421686746994
0.2116079923882018
-0.14157851912123678
-0.20251346499102335
-0.18400000000000005
-0.24623955431754868
0.12124105011933177
-0.2347235693501455
-0.028470254957507116
-0.1141884222474461
-0.06338134950720235
-0.06986301369863006
0.1555093555093554
0.7539518900343641
-0.060196292257361006
-0.06270213875847681
-0.07233160621761653
-0.19209169054441264
-0.14189189189189189
0.007334384858044128
0.1989726027397261
0.21250919793966147
-0.17759740259740256
-0.15033003300330036
0.00015128593040850642
0.02240484429065752
0.07432188065099461
0.09034926470588231
-0.03414634146341461
0.02337847469707766
0.0640221402214023
1.013793103448276
0.19853709508881923
-0.2788700564971751
0.4482758620689655
0.03232323232323238
0.00221198156682036
0.37018255578093306
0.1472727272727273
0.022913616398243013
0.08006329113924049
0.15159613956941353
0.015929203539822984
0.3603678929765886
0.16746987951807224
