0.1911504424778761
0.15282167042889389
0.32878254750175934
0.2904255319148936
0.23652561247216045
0.16183816183816183
0.30167296276308686
0.2158260064784822
0.14564459930313586
0.33824319140774844
0.11801055011303686
0.048448275862069005
0.1867796610169491
-0.07181964573268924
-0.040683229813664665
-0.13367387033398814
0.29782608695652174
0.040552016985137974
0.022249999999999943
0.027188612099644162
-0.024716553287981807
0.1368139223560911
-0.057777777777777775
0.08092144122858831
0.34814305364511694
-0.5544159544159544
0.4010230179028132
0.14644067796610172
0.06129607609988104
0.09900249376558601
0.21158940397350987
0.17852261633582814
0.4252210330386227
0.10460348162475826
0.0790602655771196
0.14852521408182676
0.025
0.02209302325581402
0.07956777996070727
0.328530670470756
-0.06111111111111119
0.6810567010309279
0.4343546889507892
0.4712711864406779
0.4380333197887038
0.39130850047755494
0.12006745362563245
0.7230000000000001
0.5375464684014869
0.2953771289537712
0.09950576606260293
0.07377279102384295
0.0722970513287222
0.0922764227642276
0.4034170854271358
0.4925056775170325
0.16483720930232562
0.057166876839007986
0.1677616501145912
0.060759493670886115
0.145945945945946
0.12872727272727277
-0.12530674846625775
0.11573926868044508
0.22780469623555716
-0.05431923213650913
-0.02611785608528274
0.10164585698070369
-0.09345238095238088
0.4672917815774958
0.3231694375663247
0.1806625370320496
1.3443298969072166
-0.08382352941176473
-0.01461511174175233
0.03673184357541893
0.05120147874306834
-0.31712707182320443
-0.050820842255531795
0.10020283975659232
-0.03528678304239396
0.021873710276516713
-0.14233766233766237
-0.021888053467000873
-0.015338164251207785
0.7396648044692736
0.17930174563591017
0.021068249258160306
0.05744308231173372
-0.0778816199376947
-0.06273458445040209
0.07860489328474753
0.08543111992071362
-0.03753251579338536
-0.12307692307692304
0.3443850267379679
0.14773006134969321
0.32
-0.08447024673439775
0.16451077943615253
0.15430136986301365
0.013125
0.01207640172520019
0.1444126074498568
-0.05826349312772383
0.027545736969278627
-0.32769628990509053
0.0743682310469315
-0.09492753623188402
-0.051330331559557955
0.8775757575757577
0.5215311004784688
0.07694334650856387
0.07555970149253731
0.18215712383488686
0.14373776908023492
0.09276791584483886
0.1519574306347397
0.16799999999999993
0.16957649092480556
-0.017747440273037544
0.01841620626151013
-0.05468926553672314
0.10963806425376166
0.7405405405405405
0.18187221396731051
0.24408251900108574
0.2659322033898305
0.14759249873289398
0.14380017841213208
0.17633587786259539
0.403004572175049
0.07285629804849204
0.019696969696969758
0.013405551794177356
-0.033986371379897864
-0.04408060453400504
0.38137931034482764
0.5111111111111111
0.17927692881103244
0.1750104471374844
0.2850371747211896
0.2543689320388348
0.2603529411764705
0.1123914759273876
0.2720682302771856
0.23181526619627973
0.14063435068821065
0.043020594965675084
0.11978076731439964
0.2363885088919288
0.12400603925515857
0.3402457757296467
0.5821064552661381
0.22964426877470365
0.021629629629629662
0.0014835419564208708
0.8221642764015644
1.1090909090909091
0.6980891719745225
1.3817641228939543
1.2578338590956886
1.3704288939051916
0.9035123966942148
0.16848816029143898
-0.042592592592592626
0.09871436556735601
0.19870689655172424
0.17598343685300208
0.2711309523809525
0.1525395503746878
0.3581529581529582
0.31992110453648925
0.10270645385149202
0.2651006711409396
0.2956120092378753
0.33000859845227853
0.35022266204849095
0.10366300366300371
0.18833922261484104
-0.15883825738607915
-0.18494188984335522
-0.20606060606060603
0.04102726696258722
0.26011631466176927
-0.5339661016949153
-0.011764705882352915
0.5758691206543968
0.11828571428571422
0.5505007153075822
0.3503105590062112
0.21421800947867298
0.23237800154918667
0.212109375
0.2636969192339717
0.054315789473684234
0.3254643962848297
0.08865527814279461
0.3095435684647302
0.11405514458641554
-0.07995712754555201
0.18040922942969095
0.2440124416796267
0.04492223238792306
0.0855088097806545
0.0541647701411015
-0.1977070063694268
0.2358399999999999
0.16051948051948056
0.3206933911159263
0.43411294922989163
0.15734870317002878
0.15069337442218791
0.037300177619893425
0.22248803827751196
0.08000000000000004
-0.014000000000000058
-0.05348837209302319
0.3304854368932038
0.48904203997243273
0.5396807297605473
0.6751537515375154
0.2320675105485232
0.5684210526315788
0.09844134536505332
0.44947735191637633
0.30477707006369426
0.4145772594752187
0.3433104631217838
0.7181701030927834
0.33897401732178545
-0.06211745244003301
-0.028034455755677333
-0.024408014571948956
0.6654970760233918
0.8453970484891076
0.7069905800694101
0.4434133333333334
0.4653164556962024
0.20086206896551734
0.9531788472964943
0.17474600870827278
0.27583098591549293
0.5938556067588324
0.17278850471486312
0.13923753665689154
0.16021390374331546
-0.11310008136696502
0.03562585969738649
0.19228687415426254
1.0568627450980392
0.21235154394299283
0.09687691365584816
0.296368989205103
0.15933806146572105
0.2246031746031747
-0.1507817023740591
0.05732193732193727
0.003451251078515962
0.08890339425587471
0.15789473684210525
-0.15110341843357855
-0.01638582219639747
-0.23870112657389003
-0.277847604084839
0.15129757785467135
-0.15497185741088185
0.01629982153480077
0.028037383177570093
0.13287197231833917
0.6592020592020592
0.10979942693409737
0.28377049180327873
0.1821744627054362
0.10754414125200643
0.24983388704318932
0.023240800516462233
0.26344969199178636
0.1307027027027028
-0.030339622641509467
0.1058988764044943
0.09062203978528575
-0.027494824016563186
0.07443088089739357
0.19462710505212513
0.29602587800369684
0.14010695187165784
-0.04615934262236507
-0.11187936741449056
0.16312920807951273
0.09906832298136639
0.06566692975532758
0.05598621877691645
-0.18218623481781376
0.10805008944543824
