-0.42385411532774764
0.24465799886941786
0.2986948853615521
0.18192592592592585
0.24941013185288
0.07162393162393159
0.29399014778325133
0.4185767790262172
0.2502380952380953
-0.007244094488188952
1.1193832599118945
0.2505277044854881
-0.029860724233983237
0.3110612015721505
0.12040656763096169
0.18335657833565788
0.091454802259887
0.1531237873496313
-0.0781021897810219
0.17588856868395764
0.07014438751746618
-0.6297520661157024
-0.5385413487946292
0.16106261859582546
0.2083777608530083
0.17475538160469659
0.20647431386347648
0.35973154362416104
0.49350201265094873
1.2433443344334434
0.20415368639667697
-0.08518781006378458
-0.07519379844961246
-0.021052631578947396
0.4804428044280442
-0.07746870653685681
0.12113007651559739
0.04765409383624651
0.1528330781010719
0.0016129032258064108
0.016821345707656612
-0.039396479463537304
-0.10847619047619045
0.3178231292517007
0.2021286441462287
0.30885311871227367
0.10466269841269842
0.15953757225433526
0.1914110429447852
0.32348528563185225
-0.19768339768339763
0.09876977152899832
0.3669114047968673
0.133066132264529
0.16762904636920378
0.05045778229908434
0.22968749999999993
0.20341974627688925
0.07503302509907533
-0.037931034482758565
-0.16247828604516498
0.008698912635920441
-0.011078717201166158
0.145123062898815
0.139927797833935
0.17738010021474584
-0.12309012875536479
0.07109256449165406
-0.16380708493384546
0.31907654921020645
0.12397540983606557
0.2336270190895742
1.031413612565445
0.9220125786163523
0.15443708609271525
0.1400417536534447
0.2190721649484536
-0.0036405005688281795
0.06655870445344134
0.15303030303030293
0.007627118644067845
0.0075515764889062245
0.1301315789473684
0.10339083878643662
-0.09368932038834948
-0.11663663663663666
0.2268861454046639
1.2375
0.14605377276669565
-0.0463768115942029
-0.2728588661037395
0.0940179989412387
-0.012469437652811792
0.02761589403973513
0.19566446748350605
0.10151461782317711
0.13739837398373989
0.03598780074550993
0.5524313914299471
0.2306532663316583
0.5036697247706422
0.10220750551876383
-0.08432692307692312
0.48158482142857145
0.35182926829268285
0.1596663395485771
0.12382827884994095
0.14576271186440676
0.1600649350649351
0.31935662784248486
0.2327782646801051
0.47307226483649584
0.9118483412322274
0.38403451995685006
0.3087470449172577
0.3214876033057852
0.49602272727272734
0.15361867704280163
0.010749646393210781
0.23014925373134335
0.0290799194089993
-0.0055609756097561415
0.016869918699187015
0.15866965620328846
0.23100393700787406
-0.02254428341384863
0.1845212383009359
0.08852133642077403
0.21201091901728844
0.47560975609756095
0.5263681592039801
0.5609561752988048
0.3079767564712097
0.4569377990430622
0.29456342668863256
0.40064516129032257
0.2953436807095345
0.35171467764060355
0.30257009345794394
0.04729344729344725
0.01752808988764045
0.16943552088113806
0.31176470588235294
0.311484593837535
0.2808988764044944
-0.15724197745013005
0.09895138226882741
0.19204064352243858
0.01768202080237738
0.0495061728395062
0.1756991321118612
0.1511171293161815
0.3162790697674419
0.11839724256785876
-0.05276872964169384
0.12241379310344824
0.08759124087591241
0.12910583941605838
0.12435723951285518
0.04315068493150685
0.10609137055837567
-0.02524271844660198
-0.025452488687782805
0.20380147835269272
0.1224726336123632
-0.019494584837545043
-0.06279949558638077
0.13678057553956827
0.005693519079345906
0.12364444444444436
0.08594377510040152
0.3187010078387457
0.32613827993254635
0.18387931034482755
0.22662869348522602
0.37578772802653404
-0.11283582089552242
0.09662278191184885
0.04475760992108235
0.25994065281899115
0.648532632501095
0.23801317790167253
0.12142857142857143
-0.3742043551088777
-0.14919399666481384
0.062109704641350134
-0.01205840791333015
0.06549586776859513
-0.10411861614497536
0.07434052757793765
0.45295109612141654
0.24870466321243523
0.25592286501377404
0.17083333333333325
0.06046915725456117
0.03746556473829197
-0.39721835883171075
0.0029339853300732756
1.110806174957118
0.12758435993572567
-0.0125
0.3273700305810398
0.31166464155528556
0.8344086021505377
0.08623853211009175
-0.024305555555555556
0.37324414715719073
0.1326797385620915
0.5493598862019915
0.022923852480764152
0.5897704918032788
0.8823289070480081
-0.008176282980574026
0.5383641160949867
0.31329305135951657
0.13441558441558435
0.428454619787408
0.7711864406779662
0.40361663652802887
0.1752665245202558
0.31929480901077373
-0.19161058770749212
0.04271493212669687
0.038840579710145005
-0.12344740177439789
-0.1789189189189189
0.0010861132660978207
0.15967976710334797
0.18045738045738036
0.11741293532338308
-0.022060606060606117
0.10729411764705887
-0.08339735381988907
0.08108108108108109
0.10745967741935475
0.03117555670636978
0.006760019314340898
0.031167855801727377
0.04462025316455703
0.1381410256410256
0.15778792491121257
0.18110328638497647
0.15992141453831038
0.032916392363396975
0.0687050359712231
0.2775342465753425
0.31984536082474235
0.3827054794520548
0.2808652246256239
0.07881619937694707
0.3725541125541125
0.3139735480161012
0.20967741935483872
-0.03605150214592277
0.15811320754716973
0.3246601941747574
0.35348189415041775
0.27609710550887023
0.3027628549501151
0.27118110236220466
0.10196078431372553
0.5297297297297296
0.31273957158962806
0.08064324002382375
0.2821768707482993
0.03572841133816747
