-0.1438080495356037
-0.031122448979591807
-0.16070016939582152
0.3380710659898477
0.39495091164095375
0.3577731092436974
-0.031671554252199446
0.24214162348877383
-0.30489510489510485
-0.2199233716475096
-0.4507692307692307
0.09038167938931305
0.1312018946121965
0.15312024353120246
0.1079605761940865
-0.06417266187050363
0.0521415270018622
0.014695752009184793
-0.12444782939832452
-0.1396508728179551
-0.09194769442532685
-0.08900949796472188
-0.18698727015558705
0.42540106951871665
-0.051820895522388034
0.38722222222222213
-0.19860248447204965
-0.011374407582938416
0.28165784832451507
0.2360037700282753
0.2829508196721312
0.41911764705882354
0.2368839427662957
-0.06207701283547263
-0.20196428571428576
0.03169245194561646
0.13592814371257478
0.7869822485207101
0.29976608187134496
1.2922680412371133
0.29718309859154923
0.16849087893864018
-0.16576433121019113
0.05767676767676758
0.07415914684167357
0.11458333333333333
0.1897435897435898
0.08363636363636368
0.34848942598187316
0.34436090225563915
0.18836858006042304
0.5298299845440494
0.20743534482758622
-0.05384243595940072
-0.09379032258064512
-0.24990619136960596
-0.0542707728065079
0.5071354705274045
0.17181208053691285
-0.0014723926380368656
0.034125726360274646
-0.01727837380011288
-0.01308677098150778
-0.17272727272727276
-0.18462998102466796
0.47540983606557374
0.36158690176322406
-0.053713298791019035
0.059424326833797586
-0.023186925434116493
0.025750242013552672
-0.014660831509846803
-0.11215880893300248
-0.00245398773006131
0.12131464475592073
-0.1233532934131737
0.22381378692927484
0.47216494845360835
0.1685823754789272
0.30778816199376946
0.04914841849148411
0.8209698558322412
0.13113616652211627
-0.0044293015332198
-0.009644268774703594
0.03577235772357728
0.39402985074626873
0.4242487046632125
0.12370600414078675
-0.12396946564885492
0.33631948192120875
0.288888888888889
0.465028901734104
0.16408668730650156
0.9658536585365852
0.3042283298097251
0.15024390243902444
-0.02641898864809084
0.05965909090909091
0.20948081264108342
0.1320318148951554
0.26456140350877183
-0.08723618090452256
0.5473846153846154
-0.00914285714285711
0.2911424903722721
-0.5052710843373494
-0.06816720257234724
0.8570194384449243
0.5577863577863579
-0.18505203405865658
-0.41780730897009966
-0.36522241478913925
-0.41363636363636364
0.084393063583815
0.11425942962281513
-0.172147001934236
-0.06895200783545541
0.4422297297297296
0.13730769230769227
0.3176304654442878
0.08030303030303033
0.16175462645647704
-0.26402096593036317
0.17838805970149252
-0.13172205438066462
0.18032009484291645
0.023511214230471842
0.2072357263990955
-0.08141592920353985
0.06517094017094018
0.2064466615502686
0.11483350151362255
-0.2396805896805897
-0.2546092184368738
-0.15270425776754895
-0.10247933884297525
0.2007476635514019
0.15222551928783387
0.40773606370876003
0.16227390180878556
0.5276543209876544
0.3982573726541554
0.11315372424722658
-0.08703590992087644
0.036516129032258
-0.02304477611940293
0.10429252782193962
0.1593959731543624
0.25321739130434784
-0.035303776683087026
0.07298245614035091
-0.28817046289493026
0.5131618759455371
0.10672268907563022
-0.12254390128144284
0.1258741258741259
-0.19048751486325807
0.3611764705882353
0.1985388127853882
-0.04592901878914405
0.0016427104722792842
-0.15454545454545454
-0.12353942144072601
-0.1397810218978102
0.22117647058823525
0.3745480838756327
0.15923777961888985
0.12556634304207123
0.28215384615384614
0.21400491400491406
-0.16624825662482573
-0.06894701542588863
0.40499219968798755
-0.1466095645967167
0.009448818897637705
-0.08499496475327288
0.0664451827242525
-0.13663751214771624
0.26865671641791045
0.23572593800978792
0.05254691689008039
0.26805970149253733
0.007042253521126761
-0.0014684287812041115
0.34318840579710136
-0.052027027027026954
0.0944393801276207
-0.10087719298245613
0.05078369905956113
0.08092189500640211
0.10533333333333328
-0.08032388663967616
0.04271978021978025
0.11523545706371187
0.1295774647887324
0.3488673139158576
-0.06767371601208463
-0.13781407035175886
-0.21917063222297764
0.01337719298245619
0.04569138276553097
0.0586538461538461
0.42940038684719534
-0.07224824355971902
-0.11655300681959083
-0.013403141361256497
1.4102661596958175
0.1260714285714286
0.39329388560157785
0.5287074829931971
0.333021515434986
0.0568848758465011
0.04081632653061224
0.045878136200716846
0.4434782608695652
0.8621776504297993
0.5434022257551668
-0.03355704697986577
0.19425641025641036
0.047540983606557355
-0.4153846153846154
0.40207253886010375
-0.16055718475073313
0.05175292153589316
-0.2655172413793104
0.4218487394957982
0.4722666666666667
0.03919944789510004
-0.22388888888888894
-0.3686940966010734
-0.06715328467153286
0.18973966309341497
0.19804878048780486
-0.0007547169811320326
-0.094211123723042
0.1897435897435898
0.17456140350877197
0.1728185328185328
0.6584717607973422
0.07559055118110232
0.08562300319488822
0.28630136986301363
0.15592614651578318
-0.30539419087136926
-0.13098937040065417
-0.11625487646293885
-0.12360633172746037
0.3261016949152542
0.07642276422764224
0.28543331284572837
-0.0049861495844875665
-0.05370187561697925
-0.19052132701421795
-0.29700748129675814
-0.042857142857142934
0.18277050310130946
0.10307210031347969
0.14911032028469742
0.02953020134228188
