-0.016791044776119403
-0.016919739696312365
-0.008395202741290717
0.28001277139208175
0.05878003696857677
0.06608746017955396
0.04636851520572448
-0.08968926553672317
0.14851309365290719
0.2235341690254752
0.0032355915065723413
-0.017457305502846323
0.07076559266922852
-0.023529411764705882
0.1143570536828964
-0.18207547169811317
0.2981132075471699
0.17264556467370074
0.2192236598890943
0.18087431693989067
0.2833885819521179
0.10069605568445471
0.13659574468085117
0.1077380952380952
0.137466145049654
-0.07857805255023179
0.16452702702702698
0.3693181818181818
0.1595041322314049
0.05292535305985208
0.06938440492476057
0.04085257548845471
0.20050505050505044
0.18104575163398684
0.21481481481481485
0.05000000000000006
0.28810289389067534
0.13306772908366524
0.17633436882236647
0.08983850931677027
-0.038052865741952394
-0.06251167133520079
-0.04120781527531086
-0.060895522388059634
-0.4544488711819389
-0.42289348171701113
-0.7921189591078067
-0.34861382272549785
0.052105263157894766
0.05121845082680584
0.14072494669509594
0.1111529411764705
0.035897435897435964
-0.23157894736842108
0.07233201581027665
0.07780247697681804
0.08246268656716418
-0.07539325842696631
-0.21304347826086953
-0.08571428571428574
0.017241379310344827
0.19640718562874257
0.2712030484485573
0.24234959734722875
-0.0754901960784314
0.1930851063829788
0.17057356608478808
-0.001053639846743208
0.046136865342163304
0.23862332695984695
0.11390931372549025
0.053301727057229964
0.26791569086651057
0.054564243885635584
0.2725274725274725
0.3132420091324202
0.07580853816300133
0.18164216565077085
0.13493975903614458
0.15932203389830504
0.2338618650900295
0.12250476795931345
0.31661945231350325
-0.023123732251521253
0.024
0.22197392923649914
-0.01874999999999992
-0.019799498746867206
0.030871794871794894
0.17224856501123031
0.15246038365304418
0.23248132127408566
0.13346897253306203
0.09503816793893122
-0.023578363384188627
0.07815054976036082
0.10730449727871667
-0.25089078233927187
0.006368563685636918
0.15024668917164383
-0.09005235602094239
-0.062399999999999976
0.178319783197832
0.024238227146814405
0.015193681835276454
0.15128775834658192
0.013539651837524178
-0.103515625
0.15165180912427886
0.15141138361869497
-0.10915492957746478
0.016727084412221625
0.05815512288541328
-0.041586360266864277
0.0016608625770157563
0.018970189701897018
0.054948004025494865
0.1742588575560376
-0.15380059230009868
0.3255302435192459
0.5072912063632347
0.26171875
0.14970414201183438
0.10121654501216551
0.16829745596868884
0.13512953367875657
0.04622731614135634
0.272289156626506
0.16749256689791872
0.07102446483180436
0.20697674418604656
0.12650669642857146
0.03868986693961101
-0.07539863325740324
-0.08387096774193553
0.16859504132231404
0.20624187256176857
0.094386372435153
-0.01906005221932123
-0.0040683482506102524
0.05048625792811843
0.09504351116155876
-0.14129443938012762
-0.020161849710982616
-0.011111111111111181
0.12048929663608555
0.2154761904761904
0.07441860465116285
-0.07873263888888893
-0.2767754318618042
0.07237224761113412
0.07483221476510067
0.13271405492730207
0.38506417736289383
0.3448818897637794
0.37601547388781426
0.3041036717062634
0.3813333333333333
-0.060029282576866766
-0.5155378486055777
0.11386224934612023
0.0964509394572026
0.19525631216526398
0.31540229885057475
0.05042521260630324
0.35148173673328736
0.06313493300093484
0.044086727989487456
0.03392351274787542
-0.12898330804248861
-0.04710424710424706
-0.05625263157894733
0.2458540630182421
0.21422497100889054
0.1466442953020134
0.09379950833105712
0.1586513994910942
0.09350935093509351
-0.08009478672985784
-0.00798611111111115
0.21393179830953074
0.05528247685924029
0.24706202393906415
0.03377122717077863
0.06324228028503563
0.0764904386951631
-0.08183381088825212
0.049070063694267606
-0.038346727898966676
-0.035602871998019356
0.17205203524968526
0.1651729559748427
0.16087551299589606
-0.34763948497854075
0.12585365853658542
-0.013344051446945265
0.2508021390374332
0.023981373690337628
-0.1185682326621924
0.12805755395683452
0.08873873873873869
0.2262275449101796
-0.026865671641791003
0.12418300653594772
0.3065134099616858
-0.2518280198888564
0.39632802937576495
0.11441647597254005
0.06693069306930693
0.023183391003460167
-0.18495117748420448
-0.010225104921785647
-0.1997947665469472
0.38873857404021933
0.3495635305528614
0.015732087227414367
0.12851359167148643
0.019018215498610654
-0.12193436960276335
0.04184210526315783
-0.025576707726763678
0.028726740539410336
-0.07924722866718228
-0.15578947368421053
0.03520642201834868
0.18012422360248448
0.3630150753768845
-0.037188208616779996
-0.10163551401869159
0.1641142857142857
0.026603098927294486
0.07764705882352942
-0.06876006441223839
0.19267935578330897
-0.12307692307692306
0.49389312977099226
-0.0007272727272727272
-0.31616187325019085
0.360873577360812
0.3101337086558762
0.43634085213032586
-0.10646258503401364
0.024978687127024685
0.06829268292682934
0.183280085197018
0.1650747356908495
0.17959848073792728
0.11437216338880483
0.27932960893854747
0.28325791855203614
0.04798290141597646
-0.08222596964586852
-0.11604621309370981
0.11813524590163929
0.05991812430219576
0.24039024390243913
-0.032275449101796465
0.2503850385038503
-0.08068485821294807
-0.21150840634619933
-0.00828300258843823
-0.13135061391541614
-0.15713585090730756
-0.02499999999999993
-0.7592668024439919
0.2996282527881042
0.18151815181518152
0.21302408563782332
0.01639986932375035
-0.07213114754098361
0.13734567901234568
0.1735859417902251
-0.06745945945945943
-0.15988522238163552
-0.09436619718309854
-0.14857786539003096
0.07266329447987677
0.10708506987006623
0.243944407677035
0.021131603626133137
0.12951875710496408
0.02050541516245494
-0.019884925201380813
-0.6004395604395604
0.12092278115988468
-0.0017002518891687944
-0.030303030303030304
-0.23809523809523808
-0.26851535836177476
-0.2936598639455782
-0.24395460497599306
0.24242627345844506
0.3838858905165768
0.2553191489361702
0.9940860215053762
0.08372198324654748
