0.00590717299578059
-0.12483487450462351
0.11955555555555558
0.16993592902907845
-0.08790637191157351
-0.16795727636849125
-0.01125586242834805
0.14039136979428007
0.19701631701631697
0.17353069220722678
0.527027027027027
0.26260869565217393
0.28329519450800905
0.22101167315175102
0.11278131634819528
0.6146596858638742
0.4171828171828171
0.2406067677946325
0.0894785847299813
0.16425479282622135
0.23699699699699694
0.09613325401546693
0.42792140641158216
0.11059431524547807
0.31589310829817163
0.45505761843790027
0.2680167597765363
0.10660749506903344
-0.07910685805422651
0.177814845704754
0.050597976080956765
0.13975155279503104
0.06516034985422747
-0.040606060606060534
0.03621766280107039
0.05216730038022807
0.0966571155682904
0.14366554054054045
0.04421768707482993
0.10316815597075549
0.09530978575564558
0.05035460992907804
0.0372630605640314
-0.10819672131147545
0.07647702407002185
0.05053003533568909
0.12830188679245275
0.07554709800190304
0.02074074074074078
0.0315884476534296
0.11945945945945943
-0.02299156679982254
0.1729044834307993
-0.027428571428571386
-0.10188679245283015
-0.10383480825958699
0.19637058261700086
0.15752461322081576
-0.011599099099099048
0.3520215633423181
0.10501810657009829
-0.1845220030349014
0.4250943396226414
0.3955357142857144
1.030844155844156
0.3136674259681094
0.3086538461538461
0.5581188997338066
0.7382978723404255
0.17936593229446543
0.07515657620041753
0.11321462043111523
0.1753363228699551
-0.12519561815336464
0.12881049298959754
0.21922760887428097
0.3661953727506428
2.3119453924914675
0.3102719033232628
0.29585365853658524
0.15999999999999992
0.3641742872512103
0.4064359441408622
0.3489891135303266
0.21539634146341458
2.6769230769230767
0.2405214557305813
0.2911392405063291
0.2521560574948664
0.19857270294380008
0.19151943462897522
0.1632900432900432
-0.00044419766796221794
0.15036247334754793
0.26607929515418494
0.14946677604593933
-0.3455252918287938
0.1558663558663558
0.07287543655413274
0.15384615384615385
0.09119442022667822
0.17479224376731298
0.17961460446247454
-0.13202846975088967
0.13998878295008407
-0.2452054794520548
0.010347903657448625
0.30684684684684677
0.05051851851851855
0.10640625000000004
0.0277699859747546
0.11407407407407408
0.04157740993184036
0.13233954451345753
0.08418461538461536
0.16362349610757257
0.15626880641925772
0.12493368700265257
0.13117206982543647
0.09820585457979225
0.2988142292490118
0.17584269662921354
0.17391304347826086
0.18190630048465276
-0.05192982456140355
0.054427645788336906
0.5591836734693878
0.5696869851729818
0.5212121212121212
0.5224025974025973
0.4570967741935483
0.19950859950859948
0.5155975692099932
0.383943661971831
0.4524644945697576
0.4721804511278195
0.514487079091621
0.3392018779342723
0.5067821067821069
0.16868686868686872
0.2614334470989762
0.020752565564424227
-0.07127819548872177
0.12138188608776844
0.07195685670261949
0.2390756302521009
-0.11967213114754098
0.19538461538461535
0.2961538461538462
0.17094430992736084
0.24504504504504493
0.20962800875273513
0.0719399538106235
0.14955062911923303
-0.08428093645484952
0.014285714285714336
0.038217420661715
0.08683160415003986
0.07966549295774648
0.05004868549172355
-0.0508209538702111
0.09222333000997009
0.14153846153846156
0.0612345679012346
0.10018656716417919
-0.031782945736434066
-0.056590509666080924
0.26091644204851755
0.23588039867109634
0.12413793103448267
0.1378026070763501
0.4151815181518152
0.3417085427135678
0.05628997867803833
0.27877578176979373
0.27485802787816216
0.015749525616698207
0.4138489208633094
-0.027404148334380835
0.2516634050880627
0.6279301745635909
0.15402061855670113
0.2548148148148149
0.21204819277108436
0.4380281690140844
0.3844389844389845
0.31537622682660854
0.26248492159227976
-0.04256701868399682
0.17472852912142153
0.02818791946308717
-0.040483383685800685
-0.06604414261460098
-0.013665943600867704
-0.049207029575653746
-0.027447306791569044
0.01843478260869569
1.2753799392097265
2.279646017699115
1.5614100185528754
1.2024943310657594
0.12042914617791689
-0.2587091069849691
-0.06005221932114883
-0.1674777448071217
-0.06322763842877421
-0.12256157635467978
0.15346582646631116
0.5341426403641881
0.22075637642919965
-0.10236220472440945
0.11718918918918929
0.3649319455564451
0.37928802588996763
0.02596209075244115
-0.05075608152531232
0.03820895522388069
0.13599648814749787
0.014645053102291809
0.012012320328542141
0.288734835355286
-0.03625932300631098
0.16850649350649344
0.02225693088637251
0.29617647058823526
0.19946914399469137
0.40667838312829524
0.1619308831596269
0.1390913629555666
0.36535947712418304
0.3209448818897637
0.12186046511627907
0.31380471380471375
0.10781563126252496
0.17914110429447858
0.03348837209302329
0.5269384492406075
0.20038131553860825
0.36606875934230193
0.5492741246797609
0.5645695364238411
0.29281385281385286
0.1935483870967742
0.3870568373663479
0.1549738219895288
0.16232010466637584
0.04577338129496411
0.16683333333333336
0.18530150753768845
0.09655555555555553
-0.14664804469273743
0.05395948434622459
-0.06475644699140408
0.12374928119608973
0.5929390997352162
-0.06878238341968915
0.29382716049382723
0.5369614512471654
0.20591366055588411
0.583941605839416
0.5760896637608965
-0.13116691285081233
0.3122465531224655
0.0017373530914665768
-0.37962962962962965
0.1727773406766325
0.2432391138273492
0.28341085271317823
0.21211631663974145
