-0.31931735657225857
-0.3932743362831858
-0.572934472934473
0.010437956204379529
0.10691927512355845
-0.07788427405040826
0.009543206284550533
0.3056729699666295
0.11737226277372259
0.10687747035573127
0.005651846269781462
-0.03816793893129771
0.10580645161290327
0.07575496117342533
0.1290789060044011
-0.060754870129870055
-0.22492946909463965
-0.016149304894305883
-0.2650384921688346
0.06969844357976662
0.7044397463002116
0.3483909415971394
0.2139705882352941
0.573228346456693
0.29156041287188816
0.3134447096260939
1.1577777777777778
1.5064406779661017
0.10537167661421598
0.09172113289760345
0.11854460093896714
0.05928509154315606
0.27622549019607856
0.07739938080495357
0.07000439174352222
-0.14302670623145397
-0.10617563739376776
-0.19953198127925115
-0.14041005291005287
0.4142664872139972
0.5308045977011494
-0.0914435695538058
-0.26351165980795616
0.1084
0.04963440860215058
0.012084592145015106
0.0468050468050468
-0.06226415094339629
-0.015974842767295654
0.11223321186881828
-0.028164360933305727
0.36113281249999996
0.4502108087389804
0.40013947001394695
0.36153176675369897
0.39516334323292324
0.47012987012987023
0.44879474068663266
0.22720403022670022
0.3277147487844409
0.711111111111111
0.31364038972542063
0.4692144373673036
0.06185397867104191
0.20964285714285716
0.12749999999999992
-0.13468118195956458
0.005465838509316742
-0.05879371515458692
0.07591706539074963
0.26086021505376333
0.31241655540720964
0.04360360360360355
-0.5721590909090909
-0.03220035778175313
0.003718199608610523
0.6747826086956522
0.1329809725158562
0.016706443914081145
0.05406290956749672
0.10116529995684079
0.1556254917387883
0.0135577797998181
0.0931722054380665
0.13496532027743785
0.020401854714064985
-0.03369509043927651
0.1635297566695984
0.13831168831168839
0.09285714285714282
0.055461165048543745
0.13631669535284002
0.14889058913542458
0.25684729064039413
0.1786492374727669
0.09757761856021835
0.25888689407540405
-0.1870607028753994
-0.32522907758094083
0.3603448275862068
0.5794612794612796
-0.18686131386861315
-0.44404984423676014
-0.3390134529147982
-0.26351909184726524
-0.2164780968958514
-0.18903061224489795
1.238432122370937
0.6490408673894913
0.38293186510667593
0.511465358675659
0.7688500727802039
0.5876033057851239
-0.03848614072494672
0.18471615720524015
-0.16920502092050213
0.13180873180873184
0.05862242332830563
0.18644602048857362
-0.21881355932203395
0.22774941995359638
0.1934145241317096
0.3536812008577555
0.06605744125326374
-0.02654462242562934
0.042105263157894694
-0.05
0.014978902953586545
0.0481481481481482
-0.05486918604651163
0.46997433704020536
-0.057694261046216305
-0.10788804071246813
0.006666666666666709
-0.06876824284880324
-0.025693822739480794
0.157641196013289
0.10110472823685382
0.026022304832713755
0.38860294117647054
0.23211805555555565
-0.013900245298446443
-0.025366300366300408
0.23869115958668208
0.3879075281564909
0.04204702627939134
0.27562841530054644
-0.2727272727272727
0.3758819756254009
0.30999237223493525
0.5806215722120659
0.31597729115977286
0.12708436112481494
0.09983792544570506
0.06404494382022476
0.04607154797726519
-0.018450704225352145
0.060159362549800734
0.29534050179211463
0.0766488413547237
-0.021859039836567864
-0.02471131639722861
-0.12494692144373677
0.016030956329463792
-0.039769820971867036
-0.2291012838801712
-0.16194029850746275
-0.07274427302477789
-0.01434262948207169
0.056725146198830345
0.08560411311053988
-0.19272445820433437
-0.12284833193159513
-0.11199846419658277
-0.05771643663739021
-0.024120398617042987
0.00485863874345546
0.013135261923377663
-0.0742039935240151
0.25406976744186044
0.012072727272727207
0.07639027639027642
0.09869192602616156
0.11154303847679485
0.1784419713831478
0.2594136347580361
0.08407212622088663
0.4436083796494228
0.2678929765886287
0.4011368605159598
0.008362369337979014
0.03071230342275675
-0.12458266636176542
-0.3121073067419697
0.21851239669421482
0.2522164276401565
0.3444933920704845
0.24429223744292236
0.30854014598540147
0.2227432590855803
0.4879032258064516
0.40786516853932586
0.20459594025277664
0.3583941605839416
0.4040605643496214
0.2076256499133448
0.24973262032085555
0.25406727828746184
0.19297458893871458
0.21313364055299538
0.09678832116788315
-0.43464566929133863
0.11345985401459852
0.20438630242400915
-0.01665951051953636
0.10912831061969648
0.06547917711991971
-0.17290277290277287
0.09211908931698772
