0.06149779735682816
0.10867579908675794
0.13552330022918266
0.03891951488423369
0.08257619321449103
0.1209876543209876
-0.05752118644067792
0.08118811881188115
0.09142857142857151
0.11711711711711711
0.2086444007858547
0.16736242884250482
0.05819975339087552
0.04678663239074547
0.21840570317563188
0.2102639296187683
0.10950744558991984
0.015130023640661884
0.23533123028391173
0.039705882352941146
0.03821656050955414
0.04064293915040181
0.34282945736434106
0.2120634920634921
0.5276771004942339
0.11013452914798202
0.3916666666666668
0.24372093023255803
0.7258358662613981
0.5287610619469026
0.047735191637630625
0.01214188267394267
-0.033047735618115054
-0.0682188591385332
-0.03895410885805763
0.4180505415162456
0.10369913686806415
0.18725423728813562
0.18635838150289022
-0.12027257240204434
0.4078756476683937
0.27286652078774626
0.07895500725689401
0.43867403314917125
0.23158602150537627
0.07461250668091925
0.24995693367786395
0.1677327647476901
0.32945147679324904
0.24266666666666661
0.11002044989775042
0.16399055489964579
0.3632183908045977
0.39575551782682516
0.5523560209424084
0.36906584992343033
0.31195814648729453
0.29233610341643573
0.30362976406533565
0.8366666666666668
0.35457721872816217
0.4740740740740742
0.12461799660441422
0.16057176891006547
0.35225537820957664
0.2546153846153846
0.08566610455311978
0.12468827930174564
0.17779433681073017
0.34019370460048426
0.38243243243243236
0.49427480916030536
0.5332015810276679
0.4838012958963283
0.5328125
0.32325581395348846
0.37842809364548485
0.0263288009888751
0.17255936675461736
0.10610687022900764
0.04933687002652516
0.16215816703621588
0.27891440501043846
0.1727726300784035
0.16320000000000004
0.06436663233779609
0.022904368358913785
0.21692789968652038
0.02267657992565064
0.2234113712374583
0.1950000000000001
0.11903945111492277
0.07287671232876719
-0.030084235860409144
-0.08828213879408421
-0.046135831381732995
0.08868274582560288
-0.08797953964194367
-0.0586538461538461
-0.2125714285714285
0.05729729729729722
-0.008121330724070406
-0.06988749172733283
-0.06556420233463033
-0.07889581478183429
0.24468864468864474
0.15676410605030586
0.010212765957446832
0.22770919067215364
-0.03132832080200501
0.06106346483704978
-0.0830543933054393
-0.04524495677233432
0.0473631840796019
-0.04125654450261778
-0.012535211267605602
0.004597701149425287
-0.03503184713375796
-0.29803921568627445
0.06034177961107843
-0.02648253452477653
-0.04797936371453135
0.14731182795698922
-0.2115953618552579
0.04065469904963041
-0.2270482163857311
0.1973018549747049
0.251980198019802
0.4772093023255815
0.187719298245614
1.5343283582089553
0.10401002506265664
0.2090090090090089
0.13687943262411356
0.2414239482200648
0.029677419354838655
0.1526690391459074
-0.05119196988707648
-0.017182448036951417
-0.11162594776748104
-0.07759656652360523
0.21825726141078847
0.9940298507462686
0.17624999999999993
0.5352941176470588
0.4262118491921005
0.1354679802955665
0.5727891156462585
0.1919444444444445
0.5843309859154929
0.5358181818181819
0.5161833489242282
-0.23571428571428574
-0.2454016298020954
-0.16005056890012645
-0.19595375722543357
-0.6465324384787472
-0.09999999999999996
0.015299026425591099
-0.18377801494130208
0.22410032715376227
0.18721136767317936
0.18126582278481018
0.11404056162246494
0.09490484960098214
0.13793103448275862
0.18489289740698986
0.2211256746337702
-0.10250341374601732
0.0018755328218244206
0.06081300813008127
0.2757281553398058
0.12637485970819307
-0.22308892355694226
0.03773584905660377
0.1802904564315352
0.03936348408710218
-0.2101650738488271
-0.3890456989247312
-0.014330218068535825
0.0
0.35
0.012686567164179161
-0.06486486486486487
-0.0696177062374246
0.24070912672357184
0.10223713646532435
0.34936329588014986
0.23559870550161816
0.016260162601626018
-0.15203252032520329
0.22377622377622378
0.09536878216123502
0.20225988700564979
-0.0048484848484848485
0.3116666666666667
0.22271604938271602
0.07914438502673793
0.1266666666666666
0.07293814432989694
0.0051813471502590676
-0.05907553551296502
0.10044444444444442
0.035347432024169095
-0.019569743233865403
-0.11829573934837086
0.07500000000000004
0.14382022471910103
0.23177570093457955
-0.15826598089639976
-0.2737864077669903
-0.10989512083903329
-0.08186341022161918
0.1525925925925926
0.022105263157894676
0.03307888040712468
0.17266187050359713
0.41098901098901097
0.3634085213032581
0.13340757238307344
0.4554666666666665
0.2797538461538461
0.1714675767918089
-0.36314779270633396
0.04895688456189158
0.032286995515695104
-0.2516324062877872
-0.0643006263048017
0.047853881278538894
-0.053348214285714235
0.008046534173533645
0.29078947368421043
0.25468749999999996
0.23368421052631583
0.16371308016877634
0.2177142857142857
0.12153110047846892
0.24359233097880936
0.15784431137724544
0.038720000000000074
0.40797546012269936
-0.26518987341772154
0.05812641083521445
0.008374384236453146
-0.056428571428571425
-0.008679927667269357
-0.1157684630738523
0.0335238095238095
0.002543142597638469
0.07155222158107329
0.007234042553191522
0.0
-0.24636591478696745
0.11795188155459596
-0.11241379310344822
0.08195386702849386
-0.1511627906976744
0.056856187290969896
-0.07937500000000004
-0.0507352941176471
-0.2248974008207934
-0.17196391394864674
-0.14993446920052422
-0.11005917159763313
-0.04093333333333339
-0.004018264840182731
-0.10380952380952381
-0.07332205301748448
-0.0858599907278628
-0.13819930069930073
0.0389233954451346
0.030852797392721322
-0.17574931880108993
-0.11511541325390909
0.023864203694458404
-0.13819444444444445
0.2636994219653178
0.40693928128872375
0.29030390738060785
0.39074733096085407
0.03518518518518512
0.182995951417004
0.17676950998185115
0.19086188992731043
0.31215686274509813
0.49156626506024087
0.28564231738035256
0.5165413533834585
0.19913043478260867
0.13168044077134994
-0.06298258894776687
0.05024102838778787
-0.10705570291777186
-0.062192013593882794
-0.054368932038834875
-0.03850174216027878
-0.1278735632183908
-0.09882629107981226
0.13594594594594597
0.251531151003168
