0.38912386706948643
-0.1413680781758957
-0.09236363636363643
-0.04405144694533759
0.1860730593607306
0.06336206896551719
-0.15014534883720923
-0.07292418772563182
-0.1677288135593221
-0.04550035997120234
0.12401883830455258
0.08771739130434787
0.05996180776575433
-0.05471349353049912
0.04516129032258062
0.15948232951717276
0.12842105263157902
0.30344827586206896
-0.027772227772227726
0.3514143094841931
0.1686046511627907
-0.03331581713084608
-0.23610451306413296
0.056289308176100554
0.04143377885783721
-0.08695652173913043
0.3134538152610442
0.13813892529488858
-0.06685934489402695
0.13203883495145627
0.07733118971061097
0.2631578947368421
0.31969111969111974
-0.05157232704402508
-0.037209302325581374
0.266310873915944
0.20022598870056502
0.06153846153846156
0.2431455897980871
0.3289215686274511
0.3195739014647137
-0.09969512195121948
0.08291571753986328
0.2275071633237823
0.44647887323943664
0.12808743169398912
-0.020798319327731046
0.04070796460176986
-0.1926782273603083
0.10285343709468217
0.7271375464684016
0.09084380610412923
0.04456094364351245
0.012367864693446137
-0.091970802919708
0.16180904522613065
0.2336322869955158
0.10185283218634203
-0.3725352112676057
-0.28144578313253016
0.001088139281828074
-0.048440065681444995
0.08758829465186675
-0.3170731707317073
0.28056426332288403
0.19349470499243568
0.6638888888888889
1.0046376811594204
0.4166172106824925
0.02762148337595911
0.9534246575342465
-0.0046210720887245845
0.05519955030916247
-0.19195402298850578
0.22542885973763885
0.3283916083916083
0.23157894736842105
0.19672131147540983
0.14439140811455847
0.3414309484193012
-0.255793991416309
0.04041159962581856
-0.2484587813620071
-0.11254671649759741
0.003400987383433925
-0.0817857142857142
-0.26902286902286904
-0.00043383947939260004
-0.007433628318584017
0.2942122186495177
0.30821661998132577
-0.16025524156791246
-0.21120689655172414
0.21570680628272257
0.0683178534571724
0.36071428571428577
-0.05862068965517239
-0.038777908343125736
0.04859028194361128
0.06589912280701757
-0.005022156573116657
0.3867867867867868
0.4480725623582767
0.3918433931484503
0.2522603978300181
-0.0860853432282004
-0.42330097087378643
0.021719457013574712
0.23308550185873603
0.24795221843003407
-0.054513584574934305
0.1361933534743203
0.7331983805668018
0.231211498973306
0.0862745098039216
0.6078291814946619
0.9571428571428573
0.569078947368421
0.9304347826086957
0.07103825136612021
0.1097631426920855
0.06825106642291286
0.09049645390070915
0.518796992481203
0.686593843098312
1.2677631578947368
0.2088467614533966
0.6092452830188679
-0.05475285171102664
0.23599999999999993
0.26172839506172835
0.2627035830618892
0.10918918918918918
-0.040530303030302986
0.0030769230769229993
0.2223376623376624
0.13647058823529412
-0.030087094220110848
0.49005235602094255
-0.16750000000000007
0.4832
0.03902877697841735
-0.3720670391061452
-0.08580470162748642
-0.052397260273972644
-0.009649122807017494
0.061813537675606614
0.04283513097072412
0.03168771526980485
0.31816860465116276
0.016489988221436984
0.22948640483383684
0.07113402061855666
-0.37483443708609265
-0.21849999999999994
-0.25215311004784685
-0.11045751633986932
-0.021159257175014018
-0.029032258064516082
0.0467706013363029
0.2957333333333333
0.26084070796460174
0.0034151547491996217
0.4386925795053003
-0.04656319290465632
0.4402061855670104
0.442737896494157
0.20021810250817876
0.09465301478953361
0.19534626038781158
-0.10577777777777783
0.25777777777777783
-0.03393810032017071
0.25621414913957935
0.031795599716110685
0.014218009478672985
0.4473958333333332
-0.184863523573201
-0.09392523364485979
0.2314318975552968
0.17982583454281564
0.21379310344827587
0.12756836659275678
0.11050394656952034
-0.12434389140271492
-0.23125000000000004
0.7999999999999999
0.39565217391304336
0.9196428571428571
0.05781132075471691
0.05683122847301952
0.1733405288720992
-0.2214765100671141
-0.09482909728308506
0.1764069264069264
0.041232731137088155
0.05725842696629217
-0.012072434607645875
-0.04028436018957346
-0.11253196930946291
-0.4449760765550239
0.12390109890109896
0.16187548039969246
-0.16790123456790115
0.1539260220635951
-0.1286180631120784
-0.05099739809193404
0.013599062133645982
0.182089552238806
-0.01807765754296632
0.17084826762246116
0.05690298507462686
-0.14961921499707093
-0.015645908389089084
0.004565217391304398
-0.06911660777385156
0.021458333333333357
0.44632237871674496
0.24540816326530612
0.1324675324675324
0.5604997025580011
0.013574660633484163
0.18880000000000008
0.09528455284552849
0.025545171339563827
0.13678756476683945
-0.3367816091954023
0.17204968944099383
0.21805111821086262
0.5188118811881188
1.2052631578947368
0.6039682539682539
0.40362976406533574
0.3526539278131635
0.5887719298245614
0.2770700636942675
0.2745236414961186
0.3258278145695365
0.27768379960962913
0.14555940023068056
0.10208791208791207
0.17718940936863545
0.0017375400091450305
-0.1506792058516197
-0.3185454545454545
0.02715559960356798
0.2506024096385542
-0.0708128078817734
0.09125628140703514
1.0736842105263158
0.2155339805825243
-0.054946439823566506
0.6398692810457517
0.17326565143824024
0.15694996028594116
0.17415818324197344
0.2687671232876713
0.007126258714175093
-0.15029282576866762
0.3485221674876847
0.12090163934426229
0.28051948051948045
-0.033090024330900296
0.8266055045871559
0.025460122699386536
-0.1393767705382436
-0.05181733457595529
-0.24227129337539435
-0.09159802306425045
-0.10513833992094859
-0.0613197969543147
-0.06132145508537484
-0.1159630606860158
0.014634146341463415
0.011520000000000074
-0.06279720279720276
0.009876543209876543
0.5700575815738963
0.20912863070539425
0.04093567251461988
0.17159090909090902
-0.05350523771152304
0.21307189542483657
-0.05364891518737667
-0.08794520547945212
-0.08513853904282119
