0.3698795180722892
0.44279164544065197
0.9938556067588326
0.3302325581395348
0.3206333498268184
0.27478070175438585
0.3588235294117647
0.10992779783393497
-0.16395582329317265
-0.009139213602550503
0.052457510335323754
0.2815331010452961
0.34046511627906983
0.37148288973384025
0.3212746016869728
0.29920424403183027
0.01926140477914548
-0.03859948761742105
0.05615240474703316
0.27024265644955303
1.6422712933753945
0.10904645476772612
-0.15342087076710437
0.02816326530612247
0.27304452466907353
0.1420014609203799
0.06018584703359546
0.18934081346423562
-0.07510344827586213
-0.061515490854796635
0.1729458917835672
0.42144
0.16398202557898378
0.27419354838709675
0.1499736147757255
-0.19333333333333338
-0.06762002042900923
-0.19145785876993168
0.04418918918918925
-0.08868120456905501
0.09106145251396644
0.1005065123010131
0.3585427135678393
0.45764705882352946
0.09258616414579708
0.002453502176493794
0.08425574930502897
0.04636989931107578
0.19699199999999997
0.3278637770897832
0.08751692391010014
-0.07906446092413001
0.15953420669577875
0.2736556710347944
0.1296924042686754
-0.1058577405857741
0.19555555555555562
-0.11814768460575717
0.25129623228482545
0.11696658097686376
0.39068522483940055
0.22979942693409738
0.036755386565272496
0.30220994475138124
0.16374162096282757
-0.0745283018867925
0.02954324586977657
0.0033149171270718592
0.11959064327485373
0.09562109025915996
0.18809936452917383
0.1491465567981166
0.062234407128169945
0.2681502086230876
0.17521276595744686
-0.08033775633293128
-0.27045908183632733
-0.16156862745098038
-0.08681318681318675
1.0647619047619048
0.23653846153846148
0.08468750000000007
0.10503018108651921
0.17431906614785989
-0.04493150684931511
0.02071078431372546
0.2249201277955271
0.2688468158347677
-0.02678396871945257
-0.00801644398766704
0.12806076854334222
0.023023578363384273
0.0715433403805496
0.08777876895628911
0.0711756373937677
0.060162002945508136
0.19537910836316305
-0.09321642824180895
0.07224137931034479
0.3008876881512929
0.15712988192552224
0.13863781031190323
0.3017179023508138
0.30397854269110414
0.0731034482758621
0.3661176470588235
0.34335403726708086
1.0741525423728813
0.2615034168564921
0.15214007782101177
-0.13652244020424617
0.07426326129666003
0.39537393986121816
0.06644407345575952
0.16163440860215061
0.17230491655390168
0.062369337979094
0.19715254237288132
0.360313315926893
0.09196428571428575
0.1178387650085764
-0.02459016393442623
-0.2792332268370607
-0.12866379310344825
-0.033252072159922014
0.2362038664323374
-0.03992673992673984
-0.07093253968253968
-0.08624820316243412
0.07525510204081633
-0.2429752066115702
0.07321739130434786
0.10059171597633136
0.15734748010610075
-0.04647239263803674
0.5249279538904899
0.6126696832579186
0.5341991341991341
0.45533707865168543
0.18865187713310572
0.10306469920544839
0.20079681274900393
0.04918149466192164
0.10237319683573755
0.4119496855345912
0.13472057074910815
0.5304347826086957
0.052833478639930175
-0.03937653814602133
-0.17254335260115602
0.0010617120106170598
-0.09425287356321838
0.06898470097357444
0.023104325699745593
0.037408759124087594
-0.13765182186234817
0.17853922452660054
0.3093333333333334
0.23510577472841612
0.21114130434782605
-0.16506024096385538
0.19867724867724873
0.23812600969305323
0.1572254335260115
0.25885558583106266
0.18904109589041102
0.13819918144611182
0.009255725190839737
-0.0024658447184272214
-0.07323514474352466
-0.05491363907087555
0.3266832917705736
0.3179403351042092
-0.10404745289602227
0.14473475851148057
-0.12283950617283951
-0.0916506348595613
-0.00513083632632119
0.10927835051546389
0.13118279569892483
0.2604000000000001
-0.11523687580025609
-0.05293383270911358
0.029153605015674017
0.012817551963048525
0.08225190839694661
0.10606060606060606
0.09289256198347115
0.27498257839721246
0.6213523131672599
0.4352555701179553
0.11479289940828412
0.015342087076710467
0.0487071557426338
0.11189111747851006
-0.25030826140567203
0.49567164179104484
0.05219206680584551
0.39831045406546994
0.2988395358143258
-0.024716553287981807
-0.10217917675544791
0.3934290030211481
0.3120050282840981
0.6701107011070112
0.2996144949884348
-0.13864829396325457
0.004491017964071856
-0.0024003429061294082
0.07296631059983562
-0.1336322869955157
0.07941463414634155
-0.11895687061183553
-0.10162224797219009
0.08464813423491109
1.3502304147465438
0.5435672514619883
0.6447284345047922
0.5538567493112947
0.47555910543130997
1.1279156327543423
0.1824444444444445
-0.06376811594202902
-0.027317817626859944
0.12192832764505127
0.28640552995391694
0.24845679012345678
-0.09480874316939887
0.10933333333333334
0.4895277207392197
4.287671232876712
0.6244691607684529
0.2989371980676328
0.9876842105263157
0.32371134020618564
0.4714570858283434
0.590549662487946
0.8338375350140057
0.4858305084745762
1.1203463203463204
0.13507853403141365
0.06147719044170897
0.2563029397110115
-0.10063191153238554
0.3642752562225475
0.36580345285524574
0.47719546742209645
0.051421800947867226
-0.17048092868988393
0.40818926296633296
0.06686390532544385
0.2907801418439716
0.3104026845637584
0.26624203821656056
-0.09155446756425943
0.0068278805120909735
0.006787762906309665
1.7042904290429042
1.1860199714693296
-0.2025549310168626
0.08705987889661355
0.1908987485779294
-0.020702754036087328
0.45885797950219614
0.30459459459459454
1.2010362694300518
0.12913043478260863
0.12935779816513757
-0.056818181818181816
0.14467592592592593
0.17886728655959416
0.36138706654170566
0.5011739594450373
0.8253481894150416
0.3761929194458696
0.5552278820375336
0.37606444188722665
0.16410256410256407
-0.41269430051813477
0.14431761786600505
0.18784067085953876
0.1353016688061617
0.0057781919850885795
-0.46025917926565874
