-0.12784810126582277
0.10627843494085529
0.007594936708860687
0.16147082334132695
0.579381443298969
-0.19274611398963734
-0.017932752179327494
-0.38260869565217387
0.07242229896398628
-0.0035225048923679283
0.02480620155038751
-0.07905372104484973
0.11876260928043034
0.10955198647506333
-0.11131059245960502
-0.04031117397454031
-0.010019267822736119
-0.04398976982097184
0.013065326633165801
0.22704863424383742
0.03205741626794262
0.20063999999999996
0.11925102399063778
0.09071038251366118
0.304227212681638
0.08676470588235302
0.15563549160671458
0.12580645161290327
0.05552784704904402
-0.0017950635751683552
0.34851166532582467
0.4378698224852071
0.07415730337078658
-0.14017642341619885
0.3798895027624309
0.6524590163934426
0.34184068058778033
0.4986645718774548
0.39155672823219
1.045754716981132
0.5271613342409803
0.3995498874718679
0.38461538461538464
0.13763806287170774
0.12531120331950202
0.2375227686703097
0.05083459787556904
-0.31624548736462094
0.11485664639443965
0.3566858080393765
0.24782608695652175
0.17119244391971664
-0.00012861736334408069
0.10031847133757962
0.13365806137359965
0.07421524663677136
-0.05330428467683376
0.19681274900398413
0.036928539724811284
0.5854430379746836
0.27683284457477997
0.22052023121387287
0.21320754716981122
-0.12738853503184713
0.2886515353805074
0.014723926380368058
0.028662167526796276
-0.029188670187229936
-0.10840802390098164
0.07151956323930837
0.18773908778813153
0.1821529745042494
0.08236184708554123
0.24900284900284894
0.4975384615384615
-0.04357976653696494
-0.03662119622245538
-0.13201396973224677
-0.011574468085106305
0.0684931506849315
0.138961038961039
0.1597292724196277
0.12222222222222232
0.14650991917707576
-0.11048133153396307
0.05874049945711186
0.3087292817679559
0.2573069559668156
0.3126643598615917
0.4155495978552279
-0.11003039513677808
-0.05462878093492201
0.15941114616193472
0.2639204545454545
0.10293282876064329
0.22638522427440635
0.20436619718309862
0.3792771084337349
0.03151125401929264
0.3455719557195571
0.18050079914757602
0.12465419039869817
0.3603720930232559
0.14416475972540047
-0.035338345864661676
-0.3082706766917293
-0.188689505165851
-0.1253731343283582
-0.029102844638949698
-0.06837387964148525
0.021260815822002527
-0.16964656964656968
0.5555555555555556
0.44976415094339633
0.44659270998415207
0.4265060240963856
-0.03533619456366244
0.14695340501792115
0.4652631578947367
0.03027027027027024
0.003361344537815174
-0.18872458410351206
0.12803738317757007
0.063761720904578
-0.14907407407407403
0.1585014409221902
0.1937500000000001
0.20921052631578954
0.2183796856106409
-0.06481012658227848
0.007753846153846098
0.0710290237467018
0.13265410086602145
-0.021074380165289234
0.1639143730886851
0.5433333333333332
0.014299706170421067
0.43714285714285706
0.07939053728949479
0.14414735591206174
0.17709497206703903
0.488259109311741
0.8344827586206895
0.42992125984251955
0.09185463659147863
0.11388068517424688
0.16032432432432428
0.04391408114558467
0.2581717451523545
0.21390476190476182
0.5898989898989898
-0.07209011264080104
0.17843037974683548
0.30055197792088323
0.1877309682187731
0.04813979706877119
-0.16082949308755762
0.0633108458744162
0.09644670050761421
0.26401718582169703
0.7196319018404909
0.42604166666666665
0.13111111111111115
1.427906976744186
0.46482889733840305
0.20615164520743923
0.12699140401146128
0.002304526748971156
0.16889352818371603
0.05989252564728867
0.1372727272727272
-0.029439999999999963
-0.2549295774647887
0.29339019189765464
0.18795355587808418
-0.04742120343839545
-0.03642857142857139
0.027035830618892545
0.49684210526315775
0.12334883720930225
0.5523809523809524
-0.04801352493660182
0.13711340206185563
0.5578181818181818
0.09042098840756561
0.12702702702702698
-0.04800000000000005
0.025222551928783383
0.4913642052565706
0.16449885233358838
0.09700827498408662
0.19190140845070422
0.17874999999999996
0.1081521739130435
-0.02608695652173913
-0.20042016806722684
-0.16925826630920462
-0.021735731039874865
0.27828655834564253
-0.05621301775147929
0.08128686327077743
-0.08666035950804164
-0.09754901960784317
0.03785632839224635
-0.06525423728813562
-0.054057679409792024
0.17930007446016377
0.19187935034802794
0.19056603773584913
0.018060200668896246
0.44556213017751484
0.5235584843492586
0.19594155844155853
0.06945500633713556
0.23880597014925373
0.26408345752608053
-0.033121019108280254
0.46058519793459557
0.3147418839808409
0.4252726106478512
0.2632478632478632
0.06660761736049606
0.014361702127659514
-0.14217207334273618
0.38189655172413783
0.03291139240506322
0.7821073558648111
0.37833333333333335
0.5354838709677419
0.03671742808798654
0.2656091370558375
0.22112171837708824
0.1564356435643564
0.1950596252129472
0.16062499999999993
0.3940949935815148
0.0005633802816900554
0.4100917431192661
0.19812734082396996
0.17159763313609466
0.09990503323836661
0.09902280130293152
-0.048353014294592885
0.05474452554744526
-0.19627329192546586
-0.27413043478260873
0.08011764705882356
0.13436657681940706
0.4002820874471085
0.11520000000000007
0.13386053199137316
0.21583054626532877
0.30718750000000006
0.1833333333333333
0.13047858942065493
0.16716883116883127
0.14564614531336656
0.03632112236944654
0.008454258675078923
-0.04822521419828638
0.40244186046511615
0.20819964349376105
-0.0417177914110429
0.14271749755620725
0.1694656488549619
0.11148459383753505
0.07033398821218066
0.13814898419864552
0.042487684729064036
0.4105387803433985
0.2803692307692307
-0.04371667936024379
0.04721734036321026
