-0.017348091258188432
0.02621809744779585
0.02197309417040359
-0.0029044701611073706
0.14930032292787948
0.03709306149293002
-0.09347310126582285
-0.030165137614678834
-0.008305945622945976
-0.26616702355460387
0.24703000612369877
0.387300319488818
0.08627123363965475
0.04174586413234773
0.07224934284641385
0.10362694300518134
-0.16305916305916307
0.10932754880694143
0.06209150326797386
-0.0086862692203938
0.012155082081732512
0.24221748400852883
0.6386206896551725
0.8253666954270923
0.431404958677686
0.20313508529276159
0.2785757392878696
0.7903846153846152
0.09916419520086281
-0.28300452488687783
-0.5525773195876289
0.19537073362102786
0.070701595904848
-0.11540785498489423
0.013580246913580327
0.4109058134294728
-0.08844914864242984
-0.017135023989033583
0.08026315789473693
-0.09265734265734266
-0.01576801087449034
0.054519091348477614
0.018452380952380863
0.4716227697536108
-0.07647058823529407
-0.0014126596033686004
0.20930232558139536
0.2966981132075471
0.18303934871099048
0.506658521686011
0.41913580246913584
0.15213414634146336
0.08752005133140846
-0.13210798391728892
-0.23551040154813738
0.5936997319034854
0.3455451713395638
0.027380590203833283
0.04373808010171644
0.2532082324455207
0.2534176452875641
0.35808709175738723
0.2693026151930262
0.277459165154265
0.26918238993710697
0.23049555273189323
0.10613402061855674
0.06660368445914029
0.06361767728674213
0.49924914675767923
0.09868297271872069
0.19324221716021261
0.11281592484902699
0.13721413721413722
-0.04832041343669248
0.0645121951219512
0.26110317233495295
0.11295049504950488
0.32124049151550615
-0.057965451055662164
0.11102251407129447
0.05935426802299859
0.11124964579200904
0.3009633911368015
-0.024695121951219583
0.16582633053221285
0.002364066193853428
0.06849425519048583
0.3832153690596562
-0.05494407158836697
0.012990580847723669
-0.13513513513513514
-0.048230988206588006
-0.05121317157712297
-0.060223048327137624
0.08723929132092398
0.1348552338530067
0.010910634684780224
0.0031217042817971276
-0.1672348824690472
-0.11052774018944522
-0.009782301385354795
-0.15051813471502595
0.15811287477954142
0.17021531100478463
0.09900110987791343
-0.033616947386699146
0.043420360960224315
0.3393379522709776
0.35895741556534516
0.13256664924202818
0.4374250552224676
0.2870488322717621
0.3134578235672891
0.2936753338018272
0.2564814814814815
0.47818181818181815
-0.03207593088342667
0.3815789473684211
0.288135593220339
0.33981762917933134
0.1312526360185575
0.13130128956623682
0.14708771929824555
0.48658790826963155
0.34575163398692815
0.10007706139224258
0.12850118375523592
0.32173252279635267
0.10568373663477769
-0.12975347815474736
-0.17073410262705624
-0.1253634894991923
0.039178937974118776
-0.12334830019243101
-0.019494139420110985
0.06265218821980918
0.004328274311410931
0.04458680333119789
0.17334533993696533
0.1686961066109225
0.1266272189349112
0.36206088992974245
-0.08520055325034576
0.18358509566968778
0.1848039215686274
0.6384105960264901
-0.15369627507163328
-0.4454545454545455
0.2598319327731093
0.4902173913043479
0.05605220228384998
0.040497581202487844
0.38365304420350294
0.3477379659790084
-0.20496894409937888
0.11478873239436624
0.05225464190981429
0.01184594953519254
0.4785145888594164
0.14295354269400473
0.2116575591985429
0.1594552121529597
0.21520856404577335
0.1790387955993052
0.2074553062000761
0.2727722772277227
0.11731448763250887
0.6620446533490013
0.18073217726396923
0.17296733842946496
0.015434380776340153
0.13688345700567434
0.1258337247534054
0.1711330935251798
0.1438735177865612
0.46009589770911025
0.504601226993865
0.4929508196721312
0.15651095494005784
0.38908045977011485
-0.07878787878787877
0.21642468239564427
0.2048488305761551
0.26473053892215564
0.2330510948905109
0.40660247592847326
0.21260835303388492
-0.3347740667976424
0.011447084233261363
-0.010585480093676772
0.14334226988382492
0.08519985595966867
0.046803303762618535
0.08723849372384947
-0.015189873417721479
0.09218142548596116
0.04657783161720175
-0.10154102457309462
0.197432712215321
0.1671048608988077
0.03358974358974365
0.09789957991598312
0.05859929078014176
-0.018527827648114868
-0.058038007190549565
0.09569990850869159
0.08152424942263282
-0.04810126582278484
0.3241852487135506
0.29534619750283775
0.2766240409207162
0.04471374843292938
0.08502024291497975
0.04625158831003809
0.05537730243612599
0.1344606946983546
0.10414746543778795
0.00764437058579148
0.10462690558972983
0.22820676451818755
0.13470518401266326
-0.006238003838771593
0.1752773375594295
0.010011507479861962
0.08904665314401618
0.08560042507970239
0.026834563612679194
0.20600706713780917
0.04236006051437216
0.10277777777777773
-0.011226252158894647
0.025544959128065394
0.016620803522289514
0.09452181987000931
-0.1315906562847608
-0.09139203148057057
-0.1038874490929285
0.10052356020942406
0.1925954198473282
0.11554467564259478
0.07296976882039118
-0.10270270270270268
0.2421052631578948
-0.15380099794540653
0.08660351826792964
0.0024820378837360907
-0.042331288343558336
-0.03065693430656929
0.05821000704721629
0.004965941551307485
-0.04970261184380652
0.0449082403742354
-0.08631749898497763
0.011191709844559538
0.2458608058608058
0.0653036680697534
-0.13667546174142484
0.02420225822287687
0.05175699821322221
0.06496163682864455
0.0180392156862746
-0.14182808716707018
-0.06373220875065898
-0.2858678130037614
-0.3442211055276382
0.6607424960505529
0.03247974068071307
0.08383500557413606
0.1326135517498138
-0.015927189988623434
0.09184726522187822
0.020006371455877726
-0.00685483870967745
0.9155080213903742
0.37597173144876317
0.2572753623188407
0.144582593250444
0.4365128205128204
0.005726256983240256
-0.0868202764976959
-0.07330806713589609
-0.0008263040110174181
0.014532520325203207
0.0542432195975503
-0.05850610621982391
1.7778425655976675
0.5918871252204586
0.5728331177231565
0.0752374491180462
-0.013540459077208356
0.05459552495697071
-0.07716417910447768
-0.06459862656879001
0.6704225352112675
