-0.07829534192269574
0.22587322121604142
0.10814426992437469
0.1673214842531961
0.11503267973856209
0.1603603603603603
-0.04680259499536608
0.10999999999999996
-0.02638666971011193
0.333090909090909
0.0008150789607742787
-0.06594594594594592
0.026744186046511596
0.06915322580645152
0.1507853403141361
0.0015613195668596873
-0.11545064377682406
-0.1202279202279202
-0.011007025761124094
0.14850128461318865
-0.039748427672956006
0.04074766355140178
-0.164795918367347
0.019385942654148718
0.09631067961165053
0.16423696423696435
0.20605612998522896
-0.053942857142857195
-0.040909090909090944
-0.0475292919001528
0.0417800322803781
-0.18857849196538942
-0.03670264965652598
-0.025037037037037004
-0.15854189336235042
0.04422110552763825
-0.12052655064703253
0.029614485981308437
-0.022532848755940707
0.07273802483737433
-0.06134880348078311
0.12529550827423167
-0.044821092278719415
0.10604858701041155
-0.1022020431328036
0.18101265822784818
0.12217741935483868
0.10647482014388497
0.2272051696284329
0.1196488858879136
-0.1520192564856914
-0.2371753246753247
0.10303541315345703
-0.17995337995337987
0.14819102749638202
0.142433234421365
0.07255125284738047
0.033649829092290126
0.3302865995352441
0.4063892391761245
0.40312500000000007
0.1460766961651917
0.11699554423933797
-0.13351264120494893
0.02183079797171075
-0.15231243576567322
-0.07156297420333844
0.21338289962825271
0.06328502415458935
0.037400950871632366
-0.13184130213631745
-0.03654676258992803
0.12843601895734594
0.14752475247524757
0.6188034188034188
0.1751182248090215
0.23291139240506337
0.1755051546391752
-0.14530698659139032
0.11640866873065023
0.21842576028622546
0.11347031963470317
0.23999999999999994
0.16590909090909095
0.19550115779027455
-0.06489675516224189
0.10691019786910193
0.05266853932584269
0.26347150259067353
0.2587591240875913
0.16851063829787238
0.05156889495225096
0.437361530715005
0.6223433242506812
0.08388157894736842
0.11597890164443071
-0.01040939384322443
-0.20171486213853398
-0.13381818181818186
-0.07200529450694901
0.06456876456876454
-0.0007255139056832197
0.7744680851063831
0.2809352517985612
0.03157403082671645
-0.11395139513951397
0.04065040650406504
0.3484939759036144
0.13947955390334565
-0.060292682926829225
0.25477707006369427
0.0234977095122608
0.04622725917089174
0.05910290237467013
0.21108002238388351
-0.02274052478134107
0.16447442383361435
-0.012171222279525482
0.17099644128113883
0.03353720693170232
0.44139264990328814
0.10127584689837212
0.12202776101388053
0.21763409257898608
0.05997931747673216
0.0545660805445264
-0.4111111111111111
0.16063144329896906
-0.05672559569561878
0.21694915254237288
-0.32504051863857375
0.16068421052631587
-0.13352490421455937
-0.001010951979780935
0.2676888556469709
-0.06324254215304803
0.10715695952615988
0.09915014164305949
0.23443113772455093
0.16788482834994453
-0.08969144460028057
-0.10899116123133189
0.13652530779753755
0.3120782396088019
0.052968036529680296
0.05684444444444448
0.2901960784313725
0.32170542635658916
0.06360601001669447
0.30401529636711283
0.24156736938588447
0.08711734693877546
0.35920826161790026
0.10279916025192448
0.01828737300435417
0.17777777777777778
0.021273712737127432
0.17651245551601433
-0.1429501084598698
0.028451178451178477
0.10143999999999996
0.08984881209503244
0.11187618445988623
-0.11573604060913709
-0.12271042879830596
0.10124101894186806
0.10294985250737464
0.06274189152357586
0.016467915956842702
0.09800190294957184
-0.1245814977973568
-0.18257756563245822
-0.0679329608938547
0.09660550458715592
0.027877412031782105
-0.044063874103216764
-0.038185890257558815
0.7854166666666668
-0.12999999999999995
-0.041138519924098706
-0.047133254250691904
0.11192542590806809
0.16477732793522262
0.21705195128013915
0.15958358848744636
0.22463657230298398
0.050637880274779105
-0.026415094339622615
0.03893848009650172
-0.006883116883116824
-0.12931968693558094
0.15
-0.030510665804783482
0.017138237671786617
-0.08429447852760742
-0.0817280453257791
0.0
0.24927066450567253
-0.0335195530726257
-0.02928229665071776
0.20784863349684646
-0.18116025272831712
0.01835021707670046
0.06353122590593673
0.11483808603189942
0.14299017071908954
0.01513255883229079
0.11410330818340099
0.06043329532497149
0.14304277206280444
0.056473649967469064
0.5287958115183246
-0.005660761555691342
0.29056047197640117
0.2815927348934683
0.28359887535145256
0.14850784016186136
0.023283582089552238
0.10994065281899112
0.05174254317111466
0.21973539140022047
0.26793893129770996
0.13808463251670378
0.012924819773429408
-0.04596617687829226
0.013363028953229399
-0.15471698113207555
0.027096774193548435
-0.11099976139346214
-0.10010610079575599
0.020175438596491204
0.22597661109728784
0.18593294460641394
0.17054967221381737
0.12215116279069763
-0.1038834951456311
-0.049586776859504134
0.07033175355450234
0.02336836959178694
-0.04208725406330201
0.4172396100564391
-0.08885272579332795
0.3084662576687118
0.02268619507634783
0.1510758776896942
0.04728789986091794
0.6883453237410073
0.07975412985017284
0.025479195885928004
-0.0956572427863596
0.15388739946380692
-0.05991261605679959
-0.1689534570890503
-0.0015503875968992835
0.04831858407079638
0.0743540930106065
0.10804263565891473
0.30100719424460437
-0.01671641791044776
0.05856905158069875
-0.08294491525423724
-0.0709429824561404
0.006745017884517142
0.07720484643561566
0.003703703703703704
-0.03725721012360209
-0.061258795934323616
-0.04552476147205807
0.28854415274463013
0.24643895348837203
0.11802437459910199
0.2868741542625169
0.27753846153846146
0.15801550387596897
0.41408785120696484
0.145
0.08450106157112533
0.20432900432900436
0.2809523809523809
0.025796425796425774
-0.19236111111111112
0.2281288723667906
0.08242990654205612
