0.2598574821852731
0.16946420104314847
0.627906976744186
0.3682711198428292
0.2833333333333333
0.22853707414829652
0.13886718749999996
0.23243933588761176
0.2519230769230768
-0.0535871156661786
0.006360424028268591
-0.0545522949586155
-0.004002163331530606
0.0013175230566534915
0.5258983890954152
-0.17108530236283534
0.13006993006993003
0.3120129870129871
0.19837398373983745
0.12103799814643194
0.48968609865470847
0.19012675116744496
0.4836147877681424
0.050841983852364395
0.4791542781631978
-0.1515086206896552
-0.0827586206896552
0.28143322475570026
0.7874384236453204
-0.16300610094287304
0.20139860139860147
0.10529455630126774
0.15895075931891398
0.6627204030226701
0.1848631239935587
-0.27872832369942196
-0.44696474009451104
-0.39901861740510897
0.12906287069988132
0.37665024630541866
-0.1438202247191011
-0.04826789838337186
0.04838709677419355
-0.1022869789745482
-0.009345794392523364
0.11136363636363628
0.32719665271966525
-0.24444444444444446
-0.18028169014084502
0.0499579478553407
0.10152329749103939
-0.20963302752293572
0.09306049822064048
0.014188638216906718
0.07642105263157897
0.2117859290438966
0.07948220064724916
-0.03429355281207133
-0.11625107480653486
0.04098115465151062
0.04588559192413582
0.12854406130268195
-0.03382899628252783
0.023000473260766638
0.0900413617562838
0.9544117647058824
-0.08955223880597014
0.07910806174957115
0.16081264108352136
0.20434108527131775
0.4799196787148594
0.25675675675675674
0.3503282275711159
0.2772692601067887
-0.06924882629107981
0.011821816105082835
0.17362416107382553
-0.007770961145194247
-0.07175156633070011
0.18683001531393567
0.12421948912015134
-0.373972602739726
-0.022556390977443608
0.7381933438985736
0.392824074074074
0.15817077070674765
0.4569789674952199
0.43889996014348337
0.3163147792706333
-0.11524725274725271
0.46419753086419757
0.03555814631302827
0.06439158910720448
0.05320512820512828
-0.0639269406392694
-0.07158218125960066
-0.07283072546230447
0.24397163120567386
-0.03932625411937023
0.07525870178739416
0.04534391534391537
0.12158590308370047
0.03395485770363092
0.1285611510791367
0.296904761904762
0.11149674620390461
0.07236842105263158
0.1618090452261306
0.3643652561247216
0.5967391304347827
0.3233333333333334
0.5368421052631578
0.5868294810292193
0.09673781715666525
0.30402588066139474
0.2809805579036349
-0.18933333333333338
0.23108808290155436
0.13558558558558556
-0.0030864197530864196
0.1691252144082333
1.0440677966101692
0.8497854077253219
0.32550663871418584
-0.08219276245073454
-0.11230769230769226
-0.3206530840078147
0.2712256706996317
0.06316055625790144
0.2847262247838617
0.08514056224899602
0.02361645457235874
0.030641025641025613
-0.11221476510067117
-0.2879699248120301
-0.1490625
0.0006060606060606908
0.23052631578947377
0.07867803837953087
-0.1592849325063845
0.22386363636363638
0.2302390216787103
-0.09638814016172505
0.0567399887196841
0.015346002151308777
0.14958253050738607
-0.06251679355127628
0.18058783321941219
0.2372435560231457
0.03592493297587125
0.3526448362720403
0.2840260390585878
0.031191709844559608
0.06138674884437591
0.10645067978015621
-0.24760302775441545
-0.1653167185877466
0.3164658634538152
0.2665718349928876
0.1378299120234604
-0.09891406987724269
0.045312500000000026
-0.30316301703163023
-0.1785388127853881
-0.23057757644394114
0.20000000000000007
0.14137695978186782
0.14136602451838876
-0.19711974748471095
-0.03850931677018638
-0.05411829740187954
-0.07188778492109878
-0.005257142857142883
-0.25239294710327453
0.3995870612525808
0.08962067528136723
0.21494789795185046
0.21379310344827596
0.3208913649025069
0.2685857321652066
0.011158798283261778
0.20368027602070146
0.039130434782608664
0.11140350877192985
-0.03255269320843091
-0.024994138335287307
0.2247834776815457
-0.01665306122448987
0.16732891832229588
0.23291410222103281
0.7758389261744968
0.6992315081652258
0.8314573238911667
0.16058917197452233
0.29366342469790735
0.07548387096774187
0.35741056218057915
0.32531715388858257
-0.08690095846645364
0.11990111248454882
0.21415007656967835
0.721508379888268
0.19315068493150678
-0.014640097600650671
0.06344199088678584
0.32242990654205606
-0.047733478973238715
0.003913430180847856
0.11007092198581564
0.09130434782608696
-0.06950226244343888
0.1123662602637473
-0.12599246595189806
0.6487046632124351
0.055843137254901996
-0.046787878787878816
0.1966101694915254
0.04
0.37814432989690727
0.3806090304515226
-0.04923076923076927
0.23802695726985948
-0.14263414634146337
0.18090090090090086
-0.026183666984429643
-0.2690440812283309
0.30895428929242336
0.11801566579634457
0.289064558629776
0.37238239757207886
0.17588532883642488
0.2334519572953736
0.05185185185185185
0.001008403361344576
0.4270638908829864
0.21213414634146346
0.047621483375959034
0.22884615384615392
0.1737604212373848
-0.23545816733067726
-0.19238339751818567
0.2537313432835821
0.30709606986899557
0.1891625615763547
0.28781407035175866
0.23555555555555557
0.5696857670979668
0.13275862068965513
0.05671309192200555
0.04840425531914891
0.38742813338443854
0.17424657534246582
0.09437652811735947
0.535483870967742
-0.1986577181208054
-0.11367187499999998
0.27096774193548395
0.16338273757628605
0.03462897526501771
0.029834651329978434
0.09098360655737699
0.46359743040685225
0.1414513274336283
0.04516129032258068
0.1649214659685864
0.20939716312056741
0.6143359100491917
0.0021987686895338612
0.13768545994065276
-0.41935483870967744
-0.13372781065088754
0.35182795698924735
0.027282051282051304
-0.023321234119782257
0.10804260007344833
0.1516609392898052
0.13194805194805204
0.05530511269928527
0.6830769230769231
0.2590954773869346
0.16776315789473684
0.0389268805891636
0.4625678119349005
0.14438202247191004
0.014864864864864788
-0.00994671403197162
-0.2591648973814579
-0.058643326039387336
-0.027243066884176256
0.5982737361282368
-0.053592814371257416
0.11366723259762317
0.23894009216589873
0.16916488222698073
