2.6149999999999998
0.7464052287581698
0.46673326673326676
-0.12423993426458509
0.14989561586638836
-0.08507089241034195
-0.034934497816593885
-0.029263470093919944
-0.12648648648648647
0.39863325740318906
0.04821917808219178
0.04847645429362881
0.5663157894736843
0.34766187050359704
0.06366594360086773
0.7189497716894977
0.5946830265848669
-0.028089887640449437
-0.04528061224489796
0.4386524822695035
0.7244635193133048
0.2934477379095164
0.23903792784458844
-0.06931905126243298
0.6044052863436122
0.45842105263157906
0.33662754786905497
0.08488687782805426
-0.08733997155049783
1.0840579710144929
0.11125319693094629
-0.2723270440251572
-0.271830985915493
0.16394763343403823
0.7243697478991598
-0.4053117782909931
-0.20832232496697495
-0.49411764705882355
-0.2827332843497428
0.4112627986348123
0.6745283018867925
0.30966767371601206
1.344736842105263
0.04939662107803708
0.2886075949367088
0.19785177228786255
0.20158227848101262
-0.548024948024948
0.13205226748654877
-0.371063829787234
0.38420107719928187
-0.02022877784467183
1.771647509578544
1.9281124497991968
0.29337539432176657
0.44059945504087206
0.33982905982905975
0.009025444071051455
-0.09517045454545454
-0.18651587646802956
-0.04718810601163542
0.2970099667774087
0.19648093841642228
0.028708133971291867
0.10168404170008015
0.6088586030664395
0.2809880239520959
0.23065134099616855
0.022797356828193883
0.20436312456016895
-0.10351533283470463
-0.31087971274685816
1.971428571428571
0.48132780082987553
1.037593984962406
-0.17985611510791366
0.1266075388026608
0.2311284046692606
0.782832618025751
0.30743801652892555
0.05490394337714859
-0.17686424474187382
-0.13521923620933526
0.14532476802284075
0.3470648815653965
0.07746591820368878
0.06105032822757107
-0.017992656058751586
0.0331787738279238
-0.035882352941176435
0.30666666666666664
0.3073015873015874
-0.17513061650992687
0.44430468204053125
-0.11125703564727957
0.15494137353433834
1.7639999999999998
0.2363636363636364
0.11394148020654053
0.009330406147091108
0.1666516041572527
0.00973821989528791
0.47941176470588226
-0.4813031161473088
-0.2508656716417911
1.2857142857142858
-0.065324384787472
0.09271137026239071
-0.02094861660079056
0.28281573498964807
0.2322623828647925
-0.21895424836601307
-0.1164365256124722
-0.07601753287413907
0.8286995515695068
0.591111111111111
-0.015337423312883436
0.3092627599243857
-0.04709302325581398
0.015909090909090887
-0.01901489117983966
0.2855245683930943
0.3281907433380084
-0.029723502304147414
0.12426367461430578
-0.10557620817843869
0.08180480627758714
-0.05668016194331984
-0.13452736318407965
-0.14878253568429894
0.318987341772152
0.23525091799265613
0.0018464120856064167
0.11712328767123288
0.27655310621242485
0.30081402629931125
-0.12724270776004407
0.35186194368755686
0.45161290322580644
0.13637226970560296
0.096094908551656
-0.0549618320610687
-0.0981395348837209
-0.08725212464589238
0.15208020050125318
-0.16020874103065877
0.26369294605809135
1.023134328358209
0.8939953810623558
0.23211267605633795
0.6886812045690551
0.26835443037974677
0.03738498789346238
0.39558823529411774
0.2511375947995666
-0.011551925320886789
0.009030704394942806
0.2324293785310735
0.46224066390041485
0.502102102102102
0.7690402476780185
0.3553757225433527
-0.1511301160659744
0.30678899082568817
0.05929108485499468
0.20330417881438295
0.9385579937304075
-0.015589016829052178
0.07584097859327217
-0.09677053824362604
-0.079048697621744
-0.46105919003115264
-0.46417910447761196
0.020509090909090942
1.1445255474452554
1.2678362573099415
0.04718266253869972
0.11597729115977291
-0.11716589861751157
0.1472906403940887
0.29397129186602877
1.1854545454545455
2.433879781420765
-0.025090036014405737
-0.022601010101010073
-0.22928870292887027
-0.07764990914597217
0.03697617091207888
0.014685314685314713
0.1584754262788365
0.1696869851729819
0.15395894428152493
0.5110294117647058
0.11635087719298243
0.03605870020964358
0.4488038277511962
-0.05173184357541894
0.5150428682774746
-0.06253869969040245
0.28981481481481475
-0.09752066115702474
0.1706840390879478
-0.03931440814140337
0.17963978073610032
0.1976945244956773
0.003896103896103938
0.08488488488488484
-0.14415041782729804
-0.09820210787352765
-0.43780821917808216
0.49313186813186816
0.5469214437367305
0.6626566416040099
0.7731034482758622
0.03749999999999991
0.05603751465416173
0.010252029047415635
0.041206602162777516
-0.0681372549019608
-0.0047814207650273225
0.1340748230535894
0.5699284009546538
0.7788381742738588
0.026195426195426162
0.07541589648798513
0.7005714285714287
0.641675392670157
0.5900990099009901
0.40972447325769845
-0.26577777777777783
-0.036245110821381946
-0.36597353497164464
1.0067114093959733
1.1062713797035348
-0.145049504950495
-0.16427656850192054
0.033790523690773094
-0.05212876427829704
-0.16464646464646468
0.08632872503840253
-0.02578616352201254
0.03387220939183987
0.03467336683417088
0.814141414141414
0.0785046728971962
-0.2453078302450688
-0.07091932457786122
0.1931178310740355
1.1730769230769231
0.12233146067415733
0.9775342465753424
0.4959481361426256
-0.08176991150442486
-0.17610350076103506
0.09612903225806449
-0.026082474226804077
0.19483985765124556
-0.0963815789473684
0.004293785310734412
0.1277250113071009
1.1956521739130435
0.066825019794141
-0.027828348504551337
0.13578154425612057
-0.29454061251664454
0.030422125181950477
-0.0310018903591682
0.518028534370947
0.26536107711138307
0.7097643097643098
-0.31423948220064724
-0.1669354838709678
0.3663230240549829
-0.3553239017125838
0.1418372203712518
0.028287461773700305
0.009523809523809563
0.2805486284289277
-0.1966537966537966
1.1514018691588783
-0.48020924149956407
0.2977687626774847
