0.2247882300490414
0.18037735849056608
0.028837209302325528
0.4843930635838151
-0.09027384324834752
0.2238095238095237
-0.09641618497109825
0.37491289198606265
0.22147001934235977
0.04237113402061858
-0.04036016949152545
-0.02335025380710657
0.16388595564941927
0.12739541160593784
0.0003088008234688158
0.14506828528072846
0.08427438170788609
0.26684118673647467
-0.030267639902676422
-0.03409651285663973
0.0141638857990359
0.15285628382441374
0.4095279341706366
0.1279175257731958
-0.1707602339181287
0.1302252488213724
-0.11560044893378227
0.8807453416149069
0.38086956521739124
0.05573314801945799
-0.012957746478873303
-0.05
-0.05522855353788356
-0.2425554382259768
-0.1780429594272077
-0.05206225680933859
0.0018570851836899108
0.028372739916550732
0.17612903225806448
0.22941176470588226
0.27483204134366934
0.3657430730478591
0.44066265060240967
-0.13402462734931947
-0.004976671850699797
-0.08244457759137203
0.033039945836154334
0.22632696390658172
-0.18350515463917527
0.07560192616372395
0.30926456542502384
0.32459016393442625
0.0528671328671328
-0.07733050847457627
-0.08598639455782318
0.5899891186071817
0.2747765640516386
-0.06600566572237963
-0.10197573656845747
-0.05059322033898309
-0.10107858243451467
-0.19125277983691624
0.04455825864276563
0.18848810437452027
-0.03469320066334989
-0.10973360655737707
-0.07487844408427884
0.21718750000000006
0.16372924648786724
-0.08811748998664887
0.07443946188340804
-0.07447023208879915
0.05600624024960995
0.18802083333333325
0.27207415990730005
-0.03388278388278388
0.11217838765008573
0.24727272727272726
0.44834254143646396
0.04838526912181308
-0.020562316407889216
-0.026455368693402388
-0.006211180124223602
0.09012797074954287
-0.1261132882080513
-0.1761698022190063
-0.13497872340425535
0.14422657952069726
0.19759268175252773
0.09660265878877397
0.2207567567567568
-0.10335260115606934
0.15135135135135136
-0.2505399568034557
0.9522727272727274
0.6843137254901962
0.1292043399638337
0.1211817168338908
-0.16640944167044935
-0.14370645610775665
-0.017934606668824894
0.1301724137931034
-0.08476782017154685
0.45476340694006323
0.1489686783804431
0.21536231884057974
1.0238532110091743
-0.10963455149501661
-0.05844461901021217
0.37624424926808864
0.10753821823932525
0.04696356275303644
-0.23680555555555552
-0.01203342618384396
-0.026607538802660754
0.025887493173129487
0.610873786407767
0.5245901639344263
0.2828431372549019
0.05771658060814682
-0.011682070240295715
0.39550080342795935
0.21745574310415802
-0.3016793893129771
0.11970979443772672
0.4684931506849315
-0.22013422818791945
0.3615819209039548
-0.027497789566755002
-0.1752988047808765
-0.08936781609195409
0.05476369092273068
0.08800322061191623
0.17161500815660694
0.15774424146147728
-0.17305863708399374
-0.1650219298245614
-0.15501962983735282
-0.17932386085252328
-0.10028625954198475
0.10925324675324669
-0.08282828282828288
0.22245875465673232
0.4427329192546585
0.26248520710059164
0.2198473282442749
0.03098471986417657
-0.026101694915254263
0.25913338997451146
0.23757828810020876
0.13875968992248067
0.12661934338952976
0.022601279317697277
0.022993739328400736
-0.1415056628914058
-0.027321565617804994
0.23477297895902546
0.3069963177275118
0.1520797227036395
-0.20226480836236937
0.24117647058823533
0.18752166377816298
0.16076190476190472
0.17661748013620876
0.21225416036308617
-0.06512439982540368
0.002540220152413209
0.23386243386243394
0.6456250000000001
1.020364238410596
0.2816666666666666
0.23054054054054063
0.11678691678691687
0.371891891891892
0.2996690933156849
0.1245998814463545
-0.029026701119724416
0.05745033112582789
-0.0031648351648350848
-0.10163170163170168
-0.06472322305928592
-0.059386009058882736
-0.08798017348203221
0.44210526315789467
0.21571609632446131
0.26010498687664046
0.05228426395939092
0.0024067388688327317
-0.09999999999999995
0.8207650273224043
-0.012353567625133144
0.008369098712446304
0.2391713747645951
0.0135737009544008
0.14515017232890212
0.05930735930735926
-0.19470549305095966
-0.0025136612021857425
-0.14264705882352938
-0.02034805890227583
-0.014132278123233465
-0.24164222873900287
0.3067193675889329
0.3876804619826756
0.43999999999999995
0.13309222423146477
0.10195845697329374
0.027416038382453736
0.08357883251500275
0.15551020408163274
0.005196374622356441
0.07350427350427345
0.6152626362735382
0.39552238805970147
0.6458123107971746
0.09512367491166071
0.29297752808988775
-0.08761290322580642
-0.02051282051282054
-0.45535135135135135
0.04437450826121172
0.07363420427553444
0.11186131386861306
0.030276243093922628
0.1078189300411523
0.007346938775510204
0.1707844905320109
0.01700787401574808
0.053703703703703705
-0.03250591016548463
0.16210705182667795
0.008773678963110623
0.11113924050632906
0.10860624523990854
0.1016812373907196
0.17964942283026927
0.21906542056074774
-0.022689706987227682
-0.07835550181378471
-0.1901538461538462
0.6286852589641435
-0.06529318541996838
-0.09278350515463918
-0.260797342192691
0.2517241379310344
-0.0752631578947369
0.00688542227003763
0.09498464687819852
-0.17109974424552424
-0.003695491500369549
-0.13477789815817978
-0.13001715265866215
-0.04643104643104643
0.011015911872705019
0.18588435374149653
0.05420560747663551
0.26363636363636367
-0.07271648873072355
0.041344956413449624
0.47395498392282953
0.21071835803876848
-0.2712158808933003
-0.19663255199735882
0.21800529567519858
0.11133004926108371
0.17120000000000005
0.16020100502512571
0.16585365853658532
0.18321870701513074
1.2703703703703704
-0.1162773984908372
0.06303236797274275
0.07544014084507046
0.07181082762912265
0.10064171122994643
0.15791666666666657
-0.09098445595854918
-0.033876468359227016
-0.15656028368794328
0.31601895734597163
-0.01951219512195115
-0.03357344190416531
-0.009032258064516182
0.2022399999999999
0.5322862129144852
