0.058309859154929575
0.31329539575788923
-0.16493443419135498
-0.004581901489117984
-0.06025949062950509
0.3550561797752808
-0.007670893906588364
0.09245472837022142
-0.014186851211072611
0.04791883454734647
-0.18656330749354008
-0.03183213920163769
0.16794067313177416
-0.20149253731343283
-0.04500611496127195
0.016138613861386094
-0.09803149606299212
-0.5763354700854701
0.10399999999999997
0.16032750279121705
0.0640161046804228
-0.26237288135593223
-0.05451664025356579
0.1434638354346384
-0.014336075205640363
-0.3963688988291015
0.005926562164483651
-0.014382022471910061
-0.2443028669443764
0.18619102416570774
0.007068965517241419
-0.028546662814215598
0.45197215777262173
-0.06020558002936858
-0.04115265539414151
0.03084544253632764
-0.04547563805104416
-0.015281173594132029
0.05751320211233806
0.2679245283018868
0.08243767313019389
0.1863275039745627
-0.19276672694394217
0.2005046681806713
0.15439892545332445
0.2681739130434782
0.09151214416296674
0.06443830108067344
-0.09858836815358549
-0.09314194577352468
0.12123137063278765
-0.06317169069462643
-0.021032132424537546
-0.04849153789551147
-0.13461330448891298
-0.1211298721792647
0.002602768023135791
-0.03851609383524272
-0.06828724353256017
-0.03259184361307712
0.1335815338793746
0.09572845156369184
0.15443383356070947
-0.10747531734837795
0.8536398467432951
-0.13449965010496853
0.06785502079619729
-0.0027504911591355896
0.08006632277081804
0.009984591679506962
0.19094522968197888
0.029955290611028407
0.4223380491437082
0.3034562881208249
0.29636693914623063
0.03447075208913649
0.24870410367170623
0.046400000000000025
-0.15057825751734769
-0.04989907145740812
0.05745682888540035
-0.1494759667509938
0.006567881457749335
-0.057764327595990095
-0.0364166666666667
0.23316062176165803
0.18173455978975026
-0.03905091448344043
-0.042575881870385635
-0.0272727272727272
0.04717563989408654
0.3127970749542962
0.14037520391517122
-0.14459681843115738
0.1429078014184397
-0.21547388781431331
0.09593495934959359
-0.01023665382498619
0.04695035460992911
0.0238169526781071
0.44706496217062364
0.27516682554814115
0.15426621160409554
0.23761755485893413
0.040380157626332826
0.11450924608819346
-0.10581395348837212
0.09348302300109532
-0.06516683518705768
0.06950747094631982
0.3608346709470305
-0.18494439692044487
0.043680137575236415
0.2069707081942899
-0.04701949860724239
0.08829997180716093
0.1414141414141414
0.128929519315836
-0.08588448588448586
0.05229257641921395
0.0465054653858894
0.02276144907723852
0.11460331299040981
0.15854475825753941
0.6097560975609756
0.1543434343434343
0.07822671156004495
0.7940928270042193
0.20951877313590683
0.19508985067071632
0.2426666666666667
0.14409547738693473
0.30710900473933656
0.32840236686390534
-0.0017897091722594626
0.16028955532574973
0.014680379108691305
-0.045714285714285756
0.4091160220994476
0.32631101021566394
0.31229551451187343
0.09966824644549771
-0.08157564905998216
-0.14630219688076465
-0.07010640433647858
0.004159095497678248
0.063616956389143
0.45943238731218705
0.2976163450624291
-0.1043961596766043
-0.12511415525114158
0.0747474747474748
0.15165794066317623
-0.17701088399256706
-0.08334897691008072
0.13699186991869913
0.04127836057575014
-0.06808216016616662
0.07623762376237626
0.032391304347826035
-0.09575952764358567
-0.10113154172560113
0.15312421580928479
-0.17037037037037037
0.07178217821782178
0.05581933989577307
-0.15274619387165164
0.2798668885191348
0.3092592592592592
0.03885383806519458
0.11137971698113212
-0.05461890654457317
0.009194312796208574
0.08407643312101903
0.18218889149285203
0.26811594202898553
-0.1442687747035573
0.09894419306184016
-0.05019083969465651
0.08868778280542987
-0.05789473684210534
0.07980456026058631
0.05512528473804098
0.02933333333333331
0.2567338024751274
-0.11938751472320382
-0.19726927939317315
-0.02000000000000006
0.1911259297255706
0.519298245614035
0.023484848484848515
-0.11487999999999993
0.28608435735636006
0.31058606934642524
0.15940010712372785
0.00911011974641939
-0.0684832904884319
0.023714379299050143
0.32943327239488124
-0.10219435736677124
0.011712707182320467
-0.19182338511856092
-0.17299813780260703
-0.0062056737588652485
-0.023613209583423188
0.016916228247673082
-0.02107396149949337
0.11322629969418953
0.3538000748783227
0.44675799086757995
0.26493203883495137
0.08451282051282061
0.2647985989492118
0.472202166064982
-0.2773234200743494
-0.04575936883629189
-0.049816849816849904
0.10066295412357475
-0.06230529595015576
0.0016603501173073124
-0.2247422680412371
-0.22288557213930343
0.039948119325551174
-0.05547652916073969
0.07237113402061861
0.18309859154929578
0.3221476510067114
0.2580341377280754
0.23277484507688773
0.35373975409836067
0.20481770833333338
0.12901234567901243
-0.05168717745136952
0.03332747407277208
-0.0008698803914462091
-0.03938599775365025
0.02321603128054741
0.04182401140007128
0.22296380090497728
0.0008012820512820513
0.05718232044198892
0.05073588439925071
-0.12043868394815549
0.23376963350785343
-0.06666666666666667
0.299815837937385
0.36163836163836166
-0.060085313833028585
0.1813056379821958
-0.0018134715025906441
0.11015212666873647
0.22955771305285863
0.08557790658029321
0.4440944881889764
0.07934010152284274
0.05802109858130229
0.06599315068493145
0.025806451612903274
0.035962680237489476
0.10072039621791977
0.16913756236635777
0.19977099236641224
0.21563150074294202
0.3123021257349616
0.0947159841479525
-0.5163461538461538
0.06556437389770715
0.20607902735562314
-0.09917864476386039
-0.01948717948717957
-0.12644185313583353
0.26662264773852756
0.10015915119363406
-0.009799642927990406
0.02681412495149395
0.00038040893961016734
-0.09006050129645639
0.21117241379310348
0.030033416875522176
0.04937238493723854
0.237291740517547
-0.0024479804161566705
