0.08622513220851162
-0.052607361963190116
0.2540983606557377
0.14158699808795402
0.12558575445173384
0.24848484848484848
0.054440599769319545
0.09910504003768257
0.019931740614334555
-0.16764705882352934
0.023891535360938007
0.16271966527196657
0.3305429323128438
0.3225028702640644
0.07730981256890856
-0.1422145328719723
0.02304566100884524
0.08143200641196906
0.04244141127993824
0.9247311827956989
0.0074458058435439125
0.201805629314923
-0.18478517934568395
0.025962910128388084
-0.04104783599088834
0.010491177873152123
0.011428571428571493
-0.12307692307692311
-0.07287079351890324
0.048865153538050765
0.17162426614481419
0.02742032471437156
0.6250896057347669
-0.023657142857142908
0.1734860883797054
-0.05039543057996477
-0.006031294452347032
0.0913586413586414
0.20733652312599682
0.05082872928176789
-0.13158201984821946
0.015590092277804715
0.08163601427395006
0.4577152899824252
0.3053435114503817
0.44454148471615723
0.3647368421052632
0.23742331288343552
-0.10870712401055406
0.03147208121827415
0.08347338935574229
0.32604006163328203
0.3179071481208549
0.04559495323036771
0.2730434782608695
0.1825904562139485
0.20731070496083545
0.3019607843137254
-0.02584269662921345
0.32785613540197467
-0.058673469387755105
0.04642857142857134
-0.06663847780126846
0.033300876338851065
0.1075440528634361
0.26687898089171985
0.06344447843377182
0.07577807848443843
-0.6905844155844155
0.09467084639498428
-0.014388489208633094
0.08239784463403682
0.015562669293277473
-0.026553953257086073
0.2801511188607963
0.3436131386861313
0.05645093945720243
0.27025210084033613
-0.24191176470588233
0.13998181267050627
0.07100000000000002
0.26232179226069235
0.29178082191780824
-0.1943419434194342
0.013553719008264412
0.04695104494703693
0.26170798898071623
0.1275513331290223
0.03255319148936173
0.0688573562359971
-0.1934065934065934
0.27714670255720064
0.1693165969316596
0.2032779524023349
0.16964348746911398
0.016936488169364956
0.6069686411149825
-0.41056105610561056
0.6980719794344472
0.26766428106701373
0.33543522960932154
0.24497878359264505
0.032974910394265276
0.21887323943661968
-0.06114965312190292
-0.04288973384030425
0.06421663442940047
0.0332230311052284
-0.0054054054054054525
0.003985507246376894
0.12392344497607656
0.007277628032344983
0.3325999999999999
0.057563451776649795
0.09385474860335191
0.10996270644645716
0.13808219178082184
0.15701357466063343
0.1901015228426396
-0.04236722306525035
0.11541701769165964
0.03248935693479722
0.6188530465949822
-0.022990126939351135
0.2083832335329342
0.39418886198547204
0.19897491232802816
0.026979982593559618
-0.012528823981552617
0.21019907281156264
-0.08489208633093523
0.0767029972752043
-0.26559139784946234
-0.09679162445119889
-0.07620121813670205
0.00020629190304285249
-0.054447022428461014
-0.07887323943661972
0.027494033412887784
0.07998469192499043
0.02911029110291103
-0.028763290430889727
0.16487509462528385
-0.12010512483574241
-0.04979389942291846
-0.08900402993667246
0.09457155675190676
0.29293526455808455
0.11709401709401716
-0.15071428571428572
0.11299076212471135
0.3945827872433376
0.0590504451038575
0.2629175946547883
0.1860129417620706
0.25062719518314097
0.08723656168600512
-0.12735483870967737
0.2714370900417411
0.05489884966283225
0.22158934313275153
0.0065116279069767705
0.047224926971762414
-0.10554926387315969
0.05977777777777778
0.08700823421774923
-0.10149892933618847
0.0009669621273167168
-0.011372691053965987
0.01618007577445963
-0.02236065573770486
-0.009383624655013842
-0.09536092396535123
-0.1500513171399247
0.16519709543568464
-0.06791613722998735
0.13539462978030928
-0.012829845313921664
-0.06857831325301203
0.047533818938605546
0.195330112721417
-0.13943452380952387
-0.060377358490565976
0.04932038834951452
0.22990033222591366
0.1943632012762563
0.05312225153913816
-0.06923588039867112
-0.015638709677419333
-0.03489361702127659
0.16132368148914167
0.42226086956521747
0.357017028772754
0.11333036112349523
0.24608853850818688
0.2789473684210526
0.11663306451612908
0.08976014760147598
-0.18839137645107798
0.4419889502762431
0.014444047193421556
-0.03161290322580643
0.22462442847811895
0.18734177215189865
0.5036496350364964
-0.08057366362451109
0.004381730412179792
0.14116002795248078
-0.15142314990512337
-0.10651041666666661
-0.10763052208835346
0.025894378194207913
0.63125
-0.009320754716981064
0.7017485428809325
0.2694029850746269
-0.11309208590761992
-0.11807120324470483
0.11999999999999991
0.09736564805057965
-0.05764318088174705
-0.07702010248324796
-0.012890496547188365
0.06207941800545625
-0.04029692470837752
0.3546570397111914
0.005385405960945492
0.0031722054380664997
0.042594594594594595
0.2271929824561404
0.10469644902634594
0.0964074579354252
0.05799691833590133
0.14540540540540545
0.46853658536585374
-0.026920031670625493
-0.14532374100719425
0.17935222672064782
-0.16950092421441773
-0.1909568480300188
0.16275605214152697
0.22223032069970852
0.2552804078659869
-0.12745098039215685
0.06490384615384616
0.14525745257452571
-0.09406952965235174
0.22315484804630964
0.22338902147971365
0.15607476635514025
0.1809183064997019
0.4219178082191782
0.29512494879147894
0.12852020081281385
0.173820124666073
0.20673117374842243
0.19520732364028
0.1471526195899772
-0.12684365781710916
1.040677966101695
-0.006235697940503484
0.02085253456221201
0.032653061224489875
