0.051496329757199345
-0.3271186440677966
-0.221903052064632
-0.013122721749696179
-0.08957654723127036
-0.09926362297496315
0.09425435765009683
-0.16530703720304793
-0.018344754876120167
-0.06551832132790474
-0.024264224983649385
-0.03621020329881093
0.004154969118472819
0.06633416458852874
-0.0055813953488371565
-0.018768328445747735
-0.08181818181818179
-0.07973778307508937
-0.06879699248120305
0.0989352989352989
0.005235602094240838
-0.058780036968576733
-0.030095238095238116
0.04199517296862433
0.2964824120603015
0.057608015028177834
0.07251289609432579
-0.008440366972477105
0.07009900990099005
0.10254588513913561
-0.026174934725848503
0.16215053763440856
0.18374628344895946
0.08510273972602747
0.10731707317073161
0.11807387862796834
0.03202033036848799
-0.003435582822085834
0.23352380952380958
-0.09909420289855067
0.09592061742006615
-0.11814651825006474
-0.09016018306636156
-0.005566145634769313
0.020564516129032234
0.031090790333115553
0.1780821917808219
0.16986706056129985
-0.05587786259541988
0.05536585365853656
0.1510117145899893
0.1626666666666667
0.17901907356948227
-0.13226902173913047
