-0.5109639440765268
-0.030360934182590258
0.004797806716929404
-0.09750795334040302
-0.14916802610114185
0.5516848599905079
0.2712660550458715
0.2208029197080292
0.3263917525773195
-0.07323568575233022
-0.08512421430709372
-0.09520714865962629
0.2687730061349693
0.21754646840148692
0.28339828526890093
-0.019835841313269494
0.344739336492891
0.46012715712988184
0.11568322981366459
0.13405017921146944
0.8503649635036497
-0.15173058933582792
-0.019307832422586522
-0.06593734460467425
0.021038100496962954
0.0010029498525074014
-0.2995792426367462
-0.13860977288368898
0.1933609958506225
-0.07104549563121428
0.2896825396825397
0.027724665391969407
0.2524137931034483
0.18824188129899205
0.1476696647587898
-0.28628072957969863
-0.22069182389937111
-0.4870833333333333
0.19500587544065812
0.342728297632469
0.1447941888619855
0.18284923928077462
0.8228105906313645
-0.21839080459770116
0.5431827431827432
0.46381697772426256
-0.05098406747891282
0.015543412264723685
0.17264957264957262
0.5831428571428572
0.16380952380952385
-0.021273964131107045
-0.00020429009193058783
-0.10996784565916395
0.34410774410774403
0.34323671497584546
0.24625126646403236
0.15560675883256522
-0.016231086657496497
0.16908967391304355
0.08910604415490403
-0.26323452938117525
-0.25403996524761074
0.34493975903614454
0.7161643835616438
0.22064928153273014
0.23682955899880817
0.5461839530332682
-0.14776536312849156
0.1290382819794585
-0.15725373134328363
-0.2499789650820362
-0.1564899451553931
-0.100039952057531
0.0012195121951219837
-0.23539208882720336
0.5503239740820735
0.2483974358974359
0.22370370370370365
0.19763513513513514
0.2511450381679389
0.11089238845144357
0.05702702702702709
-0.05476314419573142
-0.07707774798927614
-0.07404385517593066
-0.046753246753246706
-0.02405594405594412
0.5889168765743071
0.010461245839277223
-0.008328643781654448
-0.26679069767441854
-0.0284444444444444
-0.016871704745166933
-0.05831478537360893
-0.022118380062305366
-0.04095822378030962
-0.03458786936236386
-0.2425925925925926
-0.09328358208955224
-0.006841046277666026
0.13921649484536078
0.11848774407976727
0.5924050632911392
-0.16028880866425996
0.6657142857142857
0.9965933286018451
0.9881219903691812
-0.09764419171405365
0.3270509977827051
-0.0349775784753364
-0.02461832061068698
0.04523809523809521
-0.1662312530237058
0.006384248210023894
0.02382603214623382
-0.15908479138627193
-0.09344262295081975
0.3047368421052632
0.33133971291866027
-0.030188679245282988
-0.0030985915492958388
0.5441509433962264
-0.10313567215150568
0.065311475409836
-0.06715789473684206
0.06875981161695441
-0.1591767691006484
-0.19665404040404041
-0.09673704414587335
-0.4708685626441199
-0.19279907084785133
0.14058939096267198
0.21860465116279074
-0.4372315035799522
0.31598705501618124
0.2328317373461013
0.31619433198380575
0.32399999999999995
0.07237903225806455
-0.18083164300202836
-0.4346060113728676
-0.5361064891846922
0.40204851752021575
-0.0358344702137336
0.3278175895765473
0.13297362110311747
0.356768558951965
0.04492512479201331
0.38666666666666677
0.061928374655647433
0.07675918138491734
0.6147878787878789
-0.0900307692307692
0.13295838020247475
0.08527832721107663
0.4389566680689946
0.17144283574638047
0.9533769063180828
-0.029395348837209217
0.5698566805362921
0.500771208226221
0.7538615847542627
0.012154360376785172
-0.0345679012345679
0.1599654874892149
0.4094137076796036
0.07819004524886886
0.8091097308488612
0.8172340425531915
0.48672086720867214
-0.16550156294401822
0.08362369337979095
0.38563380281690135
0.4371913580246913
0.12505543237250558
0.12848948374760988
-0.2271497162811
0.4816997167138809
0.5346801346801348
0.31139705882352936
0.4635387224420577
0.7434034416826003
0.4040712468193385
0.2540974212034384
0.2802513464991024
0.30663507109004734
0.39372442019099596
0.6013145539906104
0.5009797517962117
0.041136244082062096
-0.09499999999999997
0.2697392359005459
0.09463976945244959
0.20821917808219173
0.4740234375000001
0.06937394247038917
0.10512077294685986
-0.2043814432989691
0.08409859835669406
0.10903614457831326
1.9439252336448598
0.24767602393005053
0.026077224398433078
-0.04068728522336773
0.17825711820534937
0.057287705956907534
-0.05141930251419297
0.05507411630558718
-0.18891625615763544
-0.2320486815415821
0.04149305555555552
0.10876640419947498
-0.0028526148969888346
-0.1288912579957356
-0.2162623539982031
-0.08191377497371186
0.18413597733711048
0.006202338586680247
-0.13416815742397137
0.227922077922078
0.53603744149766
0.18820902188477004
0.5106496985934361
0.46163366336633666
0.19111111111111112
0.01919191919191925
-0.2556426704680447
0.12165954850518615
0.42179944510503364
0.26426540284360184
0.14352066883418485
0.4716655607166557
0.5178391959798996
0.4678445229681978
0.3122561280640319
0.1495643259866736
0.3524163568773235
-0.10101419878296149
0.21753908905506458
0.0676258992805756
-0.10793180133432165
-0.04479081214109919
0.35999999999999993
-0.11394230769230773
0.0907563025210085
0.22612399432087088
0.08761245674740478
0.27438825448613385
0.09430523917995438
0.3619703389830509
-0.27482014388489207
0.009689440993788764
