-0.07996918335901383
-0.13682678311499272
0.2337047353760445
0.24951351351351347
0.20596562184024272
0.2096481682988756
0.14809474768280126
0.17313797313797308
0.32611111111111113
-0.1546888694127958
0.02499999999999995
0.09764641488779424
0.1986552567237164
0.5258666666666668
0.6904024767801857
0.013371675053917979
-0.11712846347607053
0.1271335629544584
0.058123370981755074
0.11610429447852767
0.0010050251256281788
0.10596536241180246
-0.11791231732776622
-0.12569169960474313
-0.42470238095238094
-0.09756722151088354
0.09349186483103886
0.1678654292343388
-0.028724721419727574
0.012326043737574552
0.20015015015015009
0.15565081839438819
0.05275800711743768
0.2080402010050251
0.020101351351351313
0.2852579852579853
-0.3557894736842105
0.008180300500834686
-0.2879858657243816
-0.2096818810511757
-0.11920069504778458
-0.1746502057613169
-0.2567272727272727
-0.07014134275618382
-0.008298755186721992
0.020205479452054847
0.06314012380416435
0.13580139372822309
-0.025731382978723436
0.21732522796352582
0.0899581589958159
0.04175824175824173
0.028212137780207713
0.08691043985161633
0.3779385171790235
0.011771630370806356
0.09497206703910614
0.004138479904496653
-0.0026086956521738885
0.27472527472527475
0.30943396226415093
0.05428802588996756
0.14723203769140164
-0.004953917050691192
0.21167434715821806
0.7596938775510202
0.32053150450064305
0.5325596389426177
0.4795709410043881
-0.09119170984455961
0.10732484076433117
-0.06201427438540844
-0.03627546071774974
-0.11494736842105267
-0.027564766839378262
0.11706700379266753
0.006757843925985592
0.24895635673624283
0.050788091068301226
0.17492923574605737
0.11091976516634054
0.12090800477897258
0.08001715265866205
0.05580480125934679
0.15804597701149425
0.18767624020887733
0.06024770275669204
0.2136904761904763
0.07673179396092371
-0.21141074214397146
0.18040374199901532
0.005369127516778523
0.0038834951456311233
0.037037037037037035
0.06585365853658544
0.17332053742802295
-0.09240669240669244
0.455247691015953
0.13477218225419663
0.21880341880341875
0.04621004566210037
0.3092989985693848
0.3549295774647888
0.048262164846077364
-0.0850215517241379
-0.04139687158966904
0.6009039548022599
0.2535014005602241
0.2623376623376623
0.536255572065379
0.12985436893203883
0.11634819532908695
-0.14949402023919042
0.08249660786974214
-0.033824114604058896
-0.3695214105793451
-0.26081593927893737
-0.16126963770439243
0.0976923076923076
0.2711055276381909
0.21870576339737102
0.43802083333333347
0.06593406593406594
0.09042424242424245
0.10230414746543774
-0.024999999999999967
0.01731843575418998
0.5320224719101123
0.4431818181818182
0.2223032829598749
0.5151702786377709
0.19260115606936407
0.3063264221158957
0.246490121899958
0.25336700336700335
0.5036842105263157
0.2730538922155688
0.844582043343653
0.1298730395817775
0.12058287795992723
0.24042105263157904
0.18498985801217047
0.11035031847133751
0.11355633802816902
-0.07811900191938577
0.33986928104575165
0.03227132579650559
0.08523245214220601
0.2950477845351867
0.025321597833446237
-0.08497795863004405
-0.16490066225165567
0.2296784830997526
0.10633640552995387
0.2636042402826856
0.15162708883025514
0.13288910042836735
0.1530186608122943
-0.297951582867784
0.27055449330783937
0.0374881964117092
-0.02123595505617975
0.01748554913294801
0.2372173913043478
-0.09179104477611938
-0.0748717948717948
0.15961070559610702
0.09183555298204975
0.13741677762982696
-0.04810975609756103
0.10707865168539321
-0.09540964555490997
0.4837925445705024
0.026405622489959795
0.49568106312292354
0.2271630833770319
0.44479348458406043
0.48746113989637313
0.1875
-0.11386861313868611
-0.1744978165938864
-0.08797427652733115
-0.12420091324200908
0.003442219880576109
0.28634361233480177
0.17216066481994455
-0.04932249322493228
-0.23535188216039282
-0.111524500907441
0.01610305958132045
-0.07898448519040903
0.2635062611806797
0.3112278397898884
0.3691048034934497
0.3072927072927072
-0.13971386285150472
-0.11166989039329468
-0.1597996242955542
0.24360269360269368
0.2751309955663039
0.1987114588127014
0.28761329305135946
0.34225352112676055
0.012679245283018833
0.0983397190293742
-0.14239130434782601
0.13348214285714288
0.26175266175266165
0.09625531914893609
-0.06749435665914216
-0.06677667766776682
0.07075471698113207
0.7790784557907845
0.2746776689014956
0.25079197465681097
-0.01992797118847542
0.07782691092861659
-0.10950545921644188
0.47382550335570467
0.37986447241045507
0.27343485617597296
0.3293632615666514
0.23916150547879944
0.0005285013212533374
0.22907801418439724
0.23317460317460315
0.3596981132075471
0.22606232294617565
0.04389880952380952
0.2748571428571428
0.07395498392282958
0.47850133809099027
0.08142741281427421
-0.02641181581233718
0.09477557027225898
0.07482926829268297
0.30553505535055353
0.14332613390928733
0.2132200188857412
0.006253988513082294
-0.03908241291418862
0.5871391076115486
-0.058095698405026604
0.02591501893142613
0.07412076974120772
0.18276422764227637
0.16600609756097556
0.7008849557522123
0.2560952380952382
0.20759631036353765
0.21518987341772153
-0.05869140625000002
0.1579673776662484
0.35578125000000005
0.7173184357541901
0.12971400872515748
0.12064186725018242
0.13045186640471515
0.22492795389048995
0.2240469208211144
0.35127478753541075
0.34203655352480417
0.23555093555093545
0.2933697881066302
0.11456521739130444
-0.05423728813559322
-0.08447981807845362
-0.020437956204379507
-0.0073291925465838225
-0.20840336134453774
0.08015768725361366
0.19692307692307695
0.055944055944055944
-0.024279210925644917
-0.10317092034029396
0.4125722543352601
0.06684491978609626
0.2969899665551839
0.25800524934383207
0.13816593886462886
0.11046770601336307
0.021803921568627416
0.0627586206896552
-0.018575851393188854
0.7783783783783784
0.2776785714285715
0.296471949103528
0.1664578983994433
0.15626631853785908
0.21627906976744193
0.45818181818181825
0.021799999999999955
0.014527363184079625
0.1029126213592233
-0.22742398164084918
0.1115027829313544
