-0.1822179270355158
-0.11324887266480559
-0.34390243902439027
-0.02681992337164751
0.051807228915662654
0.06688824262567511
-0.12419786096256681
-0.07478696741854639
-0.28610354223433243
-0.22023809523809523
0.02468026270307642
0.1994395142456796
0.1343809523809523
0.05078880407124691
-0.05604395604395609
-0.09342359767891685
0.18209408194233687
0.056349675132900234
0.0675589176607506
0.06265143648321218
0.07722834645669285
0.16953046953046957
0.014684287812041116
-0.011854879918242231
-0.1070462232243518
0.06192660550458716
0.1553398058252427
-0.09257314328582153
0.06896194667356967
-0.039097103918228356
0.027508455467869196
0.11250000000000003
-0.026569343065693498
-0.08009592326139084
-0.08412438625204578
0.11904761904761904
0.05235602094240838
-0.06122144985104268
-0.0048793859649123306
0.002391629297458894
-0.058627002288329476
0.10580976863753223
0.0
-0.09173859432799011
-0.17414772727272732
0.04541666666666669
0.08066115702479332
0.15454545454545449
-0.07766081871345026
0.037530622243997995
0.1896551724137931
-0.029514207149404257
-0.13306288032454366
0.035068493150684964
0.23033648790746578
0.19696423977360442
-0.11469802244788878
0.0773855295351276
-0.22928921568627453
-0.1673582295988935
-0.10356357237131548
-0.11882295719844356
-0.1263157894736842
0.07832775919732435
-0.055125917112829666
-0.1371308016877637
0.2822364589400116
0.12631001371742104
0.23894203714124926
0.38209926769731484
0.23252336448598127
-0.0035021888680424698
0.13253536452665937
0.05753424657534251
0.18377088305489261
0.16836861768368624
0.12303921568627454
0.08740447212001137
0.07276433121019117
-0.023299999999999956
0.06603239907431221
0.056849500135098645
0.11268749999999997
0.21020329881089375
-0.04615384615384618
-0.2010471204188482
0.30056603773584895
0.18807495741056215
0.4351648351648352
0.07641791044776126
-0.022222222222222143
-0.14873065015479878
0.04189723320158112
-0.04267676767676762
-0.025280898876404494
-0.023529411764705882
0.012724623603691023
-0.0011279159189951527
-0.07304687500000005
-0.03641025641025638
-0.09604182225541442
-0.0036772216547498065
0.008274132887588877
0.056019791094007745
0.07774549680418359
-0.02871287128712877
0.3113821138211383
0.10316901408450709
-0.05780682643427746
-0.07697016067329755
-0.0456236323851204
-0.11467829880043624
-0.16199056199056194
-0.020626987732848746
0.1506285714285714
-0.0036900369003690036
0.051373626373626344
-0.10028885037550543
0.04701273261508325
-0.0225075528700906
0.14456654456654455
0.0026578073089701375
0.20107913669064753
0.12833208302075513
0.23525423728813552
0.14203730272596843
0.15588235294117653
-0.017336561743341382
0.048225352112676007
0.15612373737373733
0.15749164739141613
0.13658881811748053
-0.0483233399955586
-0.04568036931193673
-0.25858301022206553
-0.056989247311827876
-0.2195271722443967
-0.0751373298304275
-0.11793788294950344
-0.05844273426889991
-0.1255262377705307
0.15079646017699122
0.1974304068522485
0.14629451395572665
0.18996655518394653
0.18969555035128804
0.13551296505073276
0.14573208722741438
0.0854873646209387
0.2677475390851188
0.14760719225449526
0.10735881346263551
0.021917808219178058
-0.1511374876360039
0.04157430445600547
0.45170731707317086
-0.06723716381418093
-0.014825796886582653
0.41916666666666674
0.19246031746031747
0.20931134820562555
0.08455284552845534
-0.07106598984771574
0.018055555555555516
0.11815799326095092
0.29975702880944116
0.14192506459948323
0.20766523269456394
0.2440528634361233
0.26818181818181813
0.32852543464262707
0.24974687816402294
0.6954022988505747
1.6914549653579678
0.4224414303329222
0.13612862547288782
0.16326530612244897
0.521391304347826
-0.29891304347826086
0.3815618221258134
0.0944558521560575
0.10039481105470953
0.07273371104815868
0.12824506749740394
-0.07639111518204715
-0.15083602229392779
-0.02408131352619236
-0.07653855222824803
-0.05227888642522784
0.03131468839462669
-0.08927563499529631
-0.06621890547263677
0.16558581928231733
0.17981755986316994
0.18963414634146342
0.20507223113964693
0.18537381651975193
0.10862339291313894
0.10350678733031674
-0.12662721893491127
0.17384441939120637
-0.24000000000000002
0.1728440366972477
0.06670425711869182
0.1423444976076555
-0.12359307359307364
0.15673289183222958
-0.08145580589254767
-0.019306184012066296
-0.03728155339805823
