-0.1693430656934307
-0.08119284294234586
-0.06339668914776217
-0.026707000864304314
-0.047544204322200335
0.058000550812448336
-0.189435069699193
-0.11966666666666659
-0.08288868445262192
-0.10233236151603506
-0.021592775041050866
-0.1372284644194757
0.046642793196060794
-0.06063298167684622
0.03272292993630566
-0.0947294448348559
0.15916515426497285
-0.0608666215301287
0.09115384615384611
-0.08314536340852133
0.09580936729663099
-0.01987413050679033
0.02090909090909084
0.021739130434782608
-0.09335426478283626
-0.05397018557955585
0.102944640753828
-0.14471111111111107
0.015950920245398813
-0.014063472308649601
-0.18482758620689654
0.13645833333333326
0.0037209302325581922
0.1355814958927799
0.06887025160335467
0.12721088435374142
-0.07453744493392063
-0.012349639133921484
0.004717334331710936
0.02278481012658228
-0.0074875207986688855
0.11835973904939422
0.25512779035910704
0.12688588007736942
0.026003210272873268
-0.024529844644317254
0.17558328811720017
0.20845070422535208
0.09551569506726462
-0.014919354838709632
-0.19859154929577466
-0.0889867841409692
0.28181818181818175
0.005529953917050639
-0.1401985111662531
0.18850574712643675
-0.05842610364683294
0.01547058823529409
-0.0792965627498002
-0.09648033126294
-0.03108504398826972
-0.040410519563822966
0.03788276465441816
-0.01452301850972943
-0.05775034293552815
-0.0076003415883860725
-0.13842159916926267
-0.07302605210420834
-0.007251461988304147
-0.048288288288288204
0.07617198335644935
-0.06068037974683548
-0.15789016713696552
-0.032264631043257046
-0.22231553689262143
-0.014071661237784958
-0.08702290076335878
-0.012585499316005534
-0.38136645962732924
0.1001919385796546
-0.15621638721923448
-0.16356275303643728
-0.20840021401819156
-0.16358381502890176
-0.3719844357976654
-0.2222222222222222
-0.10858339148639212
-0.17755049859371008
-0.14869565217391303
-0.13386327503974563
-0.14175344306348672
-0.050927357032457564
-0.1426845637583892
-0.0107861754652488
-0.08032367972742756
-0.14921348314606747
-0.20710911136107985
-0.82
-0.7403846153846154
0.0029126213592232733
0.14074074074074075
0.4384024577572964
0.5205574912891985
0.3668187001140251
0.2685631629701061
0.15649038461538467
0.25316455696202533
0.23644444444444454
0.18868194842406882
0.10195381882770867
0.19836065573770484
-0.10504420176807072
-0.06607043040804922
-0.06748826291079812
-0.09876627827278953
0.04634146341463411
-0.18266194005800843
-0.2116853932584269
-0.2222153273347812
-0.13529411764705887
-0.13425160697887975
-0.41036269430051814
0.03550387596899221
0.27618398637137986
0.12132834424695982
0.10769230769230774
-0.04231054060725749
0.21021001615508883
0.09402319357716332
-0.05813953488372093
0.3639018691588785
0.21897018970189705
0.3089730807577269
0.3656894679695982
0.5874755381604697
0.29907202828104296
0.25365486058779196
0.4215827338129496
0.4361824855794442
0.4426903835464147
0.1565570742519395
0.2080989876265467
0.4250148898153662
0.5886792452830188
-0.32173913043478264
-0.03946335078534029
-0.010801144492131551
-0.17745704467353954
-0.03614838200473556
0.004317144043171478
-0.11904477611940303
-0.02977363515312921
-0.06722689075630252
-0.4740740740740741
0.5551219512195122
0.22713896457765678
0.18179916317991626
0.04924084548972911
0.28876793666501727
0.1709537000395726
0.2818037974683545
0.17061085006407523
0.08152173913043478
0.2603580562659847
0.1149321266968326
-0.021246612466124686
0.03626625860749816
-0.058897858897858965
-0.010102899906454589
-0.08221680876979294
0.012301255230125561
0.015850815850815922
0.24586466165413526
-0.0945454545454546
0.19462102689486557
0.5693081761006288
0.1977933801404213
0.5983695652173914
0.25166051660516603
0.39968701095461656
0.36474358974358984
0.0677608440797186
0.5819780219780221
0.5363636363636364
