0.29771689497716897
0.2548435171385991
-0.08275862068965523
0.061630218687872766
-0.2488501189532117
-0.10498023715415015
0.012972363226170333
-0.10013717421124829
0.2670364500792393
-0.054341405788541054
0.40229746070133016
0.13492193919474121
0.24870624048706236
-0.24444444444444444
-0.16413540713632202
0.053379549393414265
0.11318553092182031
0.07885402455661658
0.2662369057211927
-0.13233215547703175
-0.16234234234234238
-0.040582347588716934
0.2850847457627119
0.3333333333333333
-0.06086956521739126
0.0720068906115417
0.08720856962822943
0.26199261992619927
-0.07005420054200548
-0.8839560439560439
0.2577777777777779
-0.03330472103004288
-0.07309175019275248
0.49523809523809514
-0.001637331150225133
0.7515506143943828
-0.23288948069241008
0.10960187353629984
0.08537455410225916
0.38146111547525524
0.22758620689655176
-0.01559942224362065
0.1734237288135593
2.2289473684210526
0.16495791889824019
0.4081149619611158
0.4092134831460675
0.12376425855513312
0.7446153846153846
0.4763978811065333
0.11261467889908262
-0.2900237529691212
0.0651030561478322
-0.2129032258064516
-0.07088713036234895
-0.1378378378378378
0.10123569794050336
0.306721536351166
0.2624796084828711
0.03967889908256888
0.0759559300064809
0.008773678963110623
0.30197368421052634
0.1102077687443541
0.10643402399127593
0.9049773755656109
0.5172804532577905
0.07930805056553562
0.2073170731707317
0.024242424242424242
-0.12293144208037825
-0.24480000000000002
0.33352685050798264
0.1249363867684479
0.8680851063829785
0.9641558441558443
-0.12752203721841338
-0.05315666406858928
0.2929307805596465
0.2496134926212228
0.2980769230769231
0.2362438220757825
0.2530954879328437
-0.0772764561115669
-0.06371511068334942
-0.10269559500328734
-0.18823529411764706
0.1483383685800605
1.3849624060150376
2.4029850746268657
0.28646288209606996
0.24114376489277198
0.2790248390064397
-0.6147971360381862
0.1437691835481891
0.3482965931863726
1.4613207547169809
0.17357142857142857
-0.03870967741935481
1.9610619469026551
-0.07556615017878424
0.05295994328252396
0.08453531598513014
0.3020439061317184
0.16601871850251973
0.025184344866704532
-0.05860349127182045
0.02114695340501784
0.32328502415458926
0.5179019384264538
0.25322580645161297
0.013905133203378876
0.3314420803782507
0.16233543216943327
-0.24704761904761902
-0.33419117647058827
-0.1784711388455538
0.005896116050538095
-0.006327900287631744
-0.12657657657657656
0.03616052958212664
0.08593415989739205
-0.026999432785025472
0.34300429184549347
-0.09547738693467336
0.246301775147929
0.17172774869109952
0.10290635091496222
0.05392620624408704
0.12259507829977635
0.39737750172532776
0.2682392586352149
0.11915520628683689
0.11002921129503408
-0.04897506925207761
-0.013551401869158906
0.15748502994011984
0.3149480415667466
-0.08097593142103525
-0.14415512465373964
-0.15658300308234255
-0.27219730941704035
-0.057676902536715584
-0.22578819725141466
-0.12620865139949114
-0.47696476964769646
0.38113912231559294
-0.10770833333333331
-0.09401523394994557
-0.028490832157969034
-0.02979890310786098
0.010736842105263206
0.046666666666666586
0.08706952566601689
0.7587188612099643
0.04319799079112592
0.05622489959839357
0.005305039787798408
-0.21125827814569537
1.5258964143426295
0.37488731487443644
0.16676120249574589
0.04932735426008968
0.053783044667274384
0.15474137931034473
0.07840978593272174
0.05152317880794699
0.008344198174706571
0.30057803468208094
0.09698736637512144
1.142222222222222
0.8919254658385095
0.013091380427738202
0.20304878048780484
0.3305687203791469
0.13568582811610705
0.551622418879056
-0.08421052631578944
0.0682699767261443
2.115966386554622
-0.1454545454545455
0.05129579982126907
-0.06984572230014019
0.17436684574059866
0.12253129346314329
0.09585921325051751
-0.013032581453634057
1.3574660633484164
2.0077922077922077
-0.06794871794871792
-0.019775280898876403
-0.07973568281938323
-0.0031921424186617834
-0.00633520449077794
-0.012957074721780568
-0.15969141755062682
-0.005662805662805633
0.01130876747141039
0.08400900900900904
0.3001872659176029
0.800689655172414
-0.17745098039215682
-0.062482821804855745
-0.309717868338558
0.16816684961580686
-0.07955637707948238
-0.2219130434782609
-0.02125181950509465
-0.048730964467005075
-0.09416058394160588
-0.053418124006359334
0.5628865979381442
0.06127320954907168
1.1477272727272727
0.10054466230936815
0.04561598224195341
0.17537712895377133
-0.04176706827309239
0.3642578125
0.8654867256637166
0.012470771628994544
0.1319712865819989
0.11747720364741635
-0.06394052044609662
0.03804627249357329
0.29946062567421783
0.0713224368499257
-0.055239786856127925
0.15768757687576881
0.024164524421593774
0.20059259259259257
0.20468619246861916
0.35296950240770464
0.1348314606741573
0.36826568265682663
-0.019406392694063926
0.030816237450894766
-0.20768672951414074
-0.0524637681159421
0.657258064516129
-0.35975286849073257
-0.10718789407313997
-0.3351961950059453
3.2325581395348837
-0.07095238095238103
0.1370731707317073
0.2673561732385261
0.7449893390191897
0.8509803921568628
0.35340501792114704
0.09157894736842108
0.43682750970604545
0.2443228454172367
-0.24060150375939848
-0.13955659276546092
0.011942174732872407
-0.23959731543624163
0.1350043215211755
0.0027901785714285715
0.003982777179763235
0.09338559529642328
0.14586994727592267
0.30309433962264143
-0.09082352941176476
-0.06045487894350704
0.06857679661813058
-0.11929307805596466
0.02596026490066228
0.13171014492753627
0.0
-0.08201438848920867
-0.2757493188010899
-0.018129330254041624
-0.09450038729666925
-0.03127109111361075
-0.08754552075746544
0.05916740478299376
0.08548057259713693
