0.8050884955752212
0.6077837837837838
0.0915723981900453
0.4256818181818181
0.3753353204172877
-0.13670033670033668
0.04232558139534881
0.24218579234972668
0.4882658359293874
0.11590645982866413
0.056754658385093096
0.11005774783445613
-0.056831683168316806
-0.05081011017498386
0.13518518518518527
0.1678991596638655
0.055022292158405504
0.5923205342237061
0.046244825547013625
-0.04401913875598089
-0.04902348035988581
-0.11333333333333338
-0.007508116883116883
-0.011179487179487156
0.02690144289557349
-0.09711429220631676
-0.07391171993911726
-0.08503665373005598
0.03181377303588752
0.07807933194154497
-0.10583352547844131
-0.0625
-0.17473684210526313
-0.27565308254963433
-0.08318364818829356
0.013308428671491944
0.015054860933911712
0.1488294314381271
0.059543973941368136
0.0039119804400978555
0.25578778135048236
0.35014778325123164
-0.1897810218978102
1.0666666666666667
0.9633608815426998
1.0091295116772823
0.034756097560975543
-0.15409504550050554
0.140214326001128
0.17606199770378864
0.033405288720993034
0.06108374384236456
0.04424688849377694
-0.0032605151613955006
-0.003797468354430404
0.29026548672566377
-0.15862808145766344
0.15947432762836192
0.21243076923076926
-0.023622047244094488
-0.027184466019417448
0.009937888198757728
0.17335033471469563
0.3308674304418986
0.542970822281167
-0.14837683004455754
-0.0020413007358177936
-0.06533790096543139
0.12621472214140245
-0.08796172248803835
0.24414754574498995
0.10179445350734094
-0.012343096234309577
0.01907894736842109
-0.008291139240506272
0.05340386384544614
0.9069444444444446
0.5917299578059072
0.5361516034985422
0.21052631578947367
0.6069216757741349
0.32787336545079154
0.529936305732484
0.8446866485013624
-0.2600282485875707
-0.2037906137184115
0.01621333333333338
0.04722160232091059
-0.043580246913580284
-0.1338374291115312
-0.060692951015531606
0.032811801519892755
0.41067285382830626
0.4102479338842976
0.10923741007194242
0.23250159948816385
0.13501722158438578
0.6687452471482891
0.5244328097731239
0.6207821229050279
-0.029681978798586493
0.2524799999999999
0.1858753315649867
0.18971765697429407
0.435575485799701
0.44947245017585
0.8331902718168814
0.04312517502100252
-0.11068075117370886
0.13256591162272557
0.43818953323903814
0.2985543683218102
-0.0196834136269786
0.0149089858422421
0.07145066501701207
-0.013890761968981733
0.01733477789815818
0.1661951909476662
-0.2236490101658641
-0.051538015089959345
0.4793577981651376
-0.04455852156057495
-0.10479481641468678
0.07321264191469773
0.01736008447729669
0.13355932203389823
0.33192156862745104
0.05680628272251301
-0.10993086109365185
-0.1302499416024293
-0.24607329842931938
-0.20019207683073234
-0.06413577489950867
-0.13695155972609688
-0.04123281965847563
0.15192604006163332
0.7016071428571428
0.38704581358609796
-0.5907462686567164
-0.5804071246819338
0.03242528431631841
-0.12424749163879603
0.374089068825911
1.4527777777777777
0.633015873015873
0.08460667798528579
0.1544696751940213
0.20247444862829483
0.17777777777777778
0.09973333333333327
-0.0031100478468899795
-0.06961429915333961
0.7395055744062045
-0.18438719750195165
-0.3967532467532467
0.02029871011541079
-0.36120644825793025
1.3273743016759778
0.9792093704245973
0.0994582881906825
0.10191570881226056
0.06834905660377363
0.019937555753791178
-0.16237623762376238
0.12041859333171093
0.04129275180420455
0.11547026770907359
0.12180922525750112
0.18988764044943826
0.10200000000000004
-0.04295676429567637
-0.06829548720896807
0.2161051373954599
-0.15303159692570456
0.13561643835616446
0.026530612244897986
0.020434782608695603
0.11171874999999994
0.10040053404539392
0.05429200293470286
0.00690789473684218
-0.09000999000999003
0.04199475065616798
-0.12071307300509342
0.05770065075921914
-0.12772808586762072
0.05388478581979323
0.11543098251959011
-0.03766578249336867
0.04762757385854966
0.4358869315854158
0.03086767340670589
0.12255511588468058
0.1743538767395627
0.1041894353369764
0.7012244897959184
0.17157513578756786
0.1787853805990658
0.008275862068965495
0.12736030828516381
0.01997187060478206
0.09857929834734706
-0.0600999286224126
0.1836091003102378
0.20261506276150631
0.26969696969696977
0.324773413897281
0.1716194548369855
0.013814016172506738
-0.06663454589255599
-0.06649029982363323
-0.16707274625826662
-0.009940594059405904
0.11283887468030686
0.06959378733572281
0.5411392405063291
0.046055327868852504
-0.012620734063103612
0.010526315789473615
0.01662954714179654
0.007983623336745169
0.021944692239072177
-0.15169839492347895
0.21145539906103292
-0.00031347962382452266
0.2679217958001448
0.29710982658959545
0.06204588910133852
0.3341804320203304
0.03736842105263155
-0.06652342071336492
-0.06602687140115168
0.11600997506234409
0.012039228948258339
0.3848275862068965
0.6514186450492183
0.5115839243498819
-0.2529411764705882
-0.19474605954465848
-0.1409801876955162
0.06485753052917226
0.1530109204368175
0.28999641448547875
-0.19541734860883794
0.42285714285714293
0.14545454545454553
0.005623242736644799
0.32190042303937516
0.07188828172434736
-0.39818867924528306
-0.18590240123934934
0.028325828898894727
0.22643171806167392
-0.23886591848789138
0.2921370967741935
0.45117493472584846
0.3363735070575461
0.07014492753623185
-0.17939110070257616
0.726643598615917
0.013574660633484163
0.26167282499160227
0.10723888314374358
-0.009181871689228904
-0.04673539518900338
0.39072847682119205
-0.15232524129862537
-0.23539325842696632
0.047268793942671763
