-0.10662931839402431
-0.0010819808572617184
0.04084544253632758
0.13960080995082438
0.07899914456800676
-0.1894463667820069
0.16
0.15546401744608684
0.06651810584958222
0.3785157573703829
0.04474624731951388
0.3539441880905296
0.28765036086607865
-0.0771217712177122
0.26404678362573103
0.1874035989717224
-0.03235294117647054
0.08872102109924469
0.3254752851711027
0.13039215686274505
0.15550295857988164
-0.04113993423456336
-0.01149012567324951
-0.11237113402061862
-0.031941431670282044
0.0556362246847535
0.04983403407833587
-0.05788561525129979
-0.06938053097345141
0.018448023426061527
-0.026099290780141813
0.0861838101034692
0.23944389275074485
0.32109374999999996
-0.03527131782945734
-0.06163996229971723
-0.06436260623229456
0.7965116279069767
0.32125984251968515
-0.10848153214774275
0.4599406528189911
-0.04620650313747861
-0.030434782608695622
-0.0897959183673469
0.12997416020671837
0.18166855845629962
0.20115606936416178
-0.050284090909090876
0.12023809523809514
0.09305680793507662
-0.08150807899461396
0.005697329376854545
-0.3139639639639639
0.07036082474226807
-0.047889908256880734
0.0770065075921909
0.19362950544844929
-0.06450124245651395
0.17135003054367745
0.12845594179466457
-0.10000000000000003
0.09847050254916245
0.13774872086412732
0.16335721596724673
-0.1236170212765958
0.10469103849886766
-0.10194239785666447
-0.11514536849222444
0.5010452961672475
-0.06359743040685223
-0.16997840172786174
0.11592356687898087
0.2081376424087421
-0.02680696912195957
0.0990780141843972
0.0095563139931741
0.3842681858019282
0.523185341789993
-0.10599033816425125
-0.058379037172455746
0.05867768595041322
0.10436161776367955
0.10979572887650882
-0.1615298087739033
-0.04043875685557583
0.04706994328922491
0.16988304093567258
-0.10432946145723332
-0.0965901639344262
-0.10143576356516874
-0.012210667561221097
0.06650366748166252
-0.016926415466561488
-0.05070856438693774
0.09675242513707301
0.06515912897822441
0.12537165510406342
0.054601226993865125
0.15041322314049588
0.1334065934065935
0.07352941176470588
0.2376344086021505
0.2807017543859649
0.16141176470588225
0.0037613187833758573
0.21207970112079697
-0.13266067119982455
-0.10200501253132829
0.23111806098514456
0.168092328581127
-0.05872230587223059
0.09095461658841937
-0.2158453695836873
0.05235042735042735
0.2126777251184834
0.20334261838440112
0.06723404255319154
-0.04607843137254905
0.02054794520547945
-0.15542490646712986
-0.08408731414109465
-0.18585055643879175
-0.08709489617698432
-0.06614090431125129
0.19766839378238346
0.24297885768381192
0.3547354138398914
0.3791720569210866
0.24952380952380943
0.28514097028194063
0.6048512585812357
-0.00444444444444448
-0.14541296060991102
0.10557620817843857
-0.1190355329949238
0.33597956376498334
0.06484344034879108
-0.0655757575757576
-0.09118525896414338
0.058208955223880594
-0.012320000000000072
-0.07365728900255762
-0.004624277456647399
0.09283175355450239
0.15419335163159498
0.25142231947483584
0.22748054474708163
0.23653892504217874
0.02797436611869604
0.09333333333333342
0.22378324134470648
0.27893899204244044
-0.0033015873015873306
0.016915422885572167
-0.019922065270336138
0.07501163331782215
0.11785003317850028
-0.03031784841075789
0.069170403587444
0.010213316095669007
-0.10333333333333326
-0.12569536423841057
-0.0706128133704735
-0.014862884655641615
-0.07192789624093203
-0.09485213581599126
0.2632352941176471
-0.09779714354877754
0.09555423829282753
0.15826152116897718
0.06797410510281797
0.07104825291181371
0.20292301358583784
0.22702322308233633
0.2229482488238369
0.1806709265175719
0.10952380952380948
0.3683982683982685
-0.008655846858094125
-0.060191082802547695
0.3448900388098318
0.1853102189781021
0.20663176265270503
0.1092436974789916
-0.09536878216123502
0.4978591549295774
0.3635089686098655
0.15589144623840612
0.17062801932367155
0.007074637424831978
0.07452517334941207
-0.08238074774387616
0.1263610315186247
-0.19480840543881336
0.15627137970353472
0.2555991548445518
-0.011908931698774133
0.1326011251004554
0.1100562759970639
0.07355525965379489
0.23136308805790104
0.27075208913649024
-0.0293785310734463
-0.06130136986301362
0.0778025904421616
0.17794840294840297
0.3831487341772152
0.28292805214339445
0.2617758527341635
0.4522997748472177
0.24278332759214613
0.1571059431524548
0.07648931332423821
0.2210909090909091
-0.2574040219378428
-0.06275704493526282
-0.031002527379949414
0.21435735022433355
0.19884459849797795
-0.031610044313146256
0.02009335407868407
0.12533878803375093
0.4372277227722771
0.26756329113924054
0.2713114754098361
0.02811550151975684
0.217900732302685
0.27421436004162336
0.27364066193853426
0.29777117384843976
0.06987194974631548
-0.1656932894991298
0.211326031228152
0.0032750279121697735
-0.28523316062176174
0.021532338308457674
0.22092130518234168
0.5498829039812647
0.14133723767691553
0.08613678373382622
0.12270916334661347
0.43430420711974105
-0.34619469026548677
-0.10138050043140638
0.04641833810888258
-0.031212061875856595
-0.09151572926596759
0.010584547298543174
0.06131528046421672
-0.06323907455012859
0.06382592928377162
0.06391814625338552
0.6835051546391754
0.3493738819320214
-0.05080672845863371
-0.032992441084926556
0.19806110458284365
-0.08378127896200183
0.16184210526315787
0.13681318681318685
0.24172413793103456
-0.005087108013937251
0.3453703703703705
0.011734028683181226
0.2473354231974921
0.11778471138845553
0.1480916030534351
0.001372212692967332
0.027924528301886794
-0.07691011235955061
-0.06431852986217458
0.13592875318066153
0.11014150943396224
-0.02775510204081637
0.03638676844783718
-0.0761904761904762
0.23512690355329954
0.08890898131404461
0.01644423260247855
0.14345186470078064
0.27680798004987534
0.17279693486590048
0.20451904454486763
0.08487865588052276
0.1498995311453449
