-0.0608076009501187
-0.0862632084534102
-0.03784485556637453
-0.06908981676179032
-0.010006253908692933
-0.02245021122510564
-0.11140164183642447
-0.04863275507203766
-0.22173913043478258
0.035879467414155604
0.16883852691218137
0.17647058823529413
-0.06494565217391299
-0.16704645048203332
0.10456155890168287
0.1296220633299286
-0.10621669626998226
0.02250174703004895
-0.002667407613225871
0.02957369062119358
0.01224049609059048
-0.03078787878787882
-0.050592741200072885
1.8782608695652174
0.020669577874818115
0.0004587155963302492
0.23423076923076913
0.03373155305692199
-0.27684964200477324
-0.0989433237271854
0.14814042405283276
0.026358695652173882
0.018838304552590265
0.22551440329218111
0.2371352785145888
0.14794321077539138
0.23850325379609555
0.03953831041257368
0.13457838143746462
0.04406779661016954
0.08589155651470194
0.016280806572068676
0.20752405949256347
0.24977484238967276
0.1313114754098361
0.20418056482099173
0.24350567465321565
0.22027027027027035
-0.008376963350785341
0.44192037470725987
0.24000000000000005
0.1771979985704075
0.20475493782004395
0.28733681462141
0.16237942122186494
0.4485736314572089
0.2933942667220606
0.11073646850044362
0.7676300578034683
1.508695652173913
0.0667309546769528
0.9200000000000002
0.40965909090909086
0.2696078431372549
0.20705882352941182
0.1476307189542484
0.17493975903614453
0.12249226690234194
0.02619382022471907
0.02444987775061125
0.42941176470588244
0.045775116433799036
-0.018652849740932613
0.08784461152882209
-0.10212765957446805
-0.17647058823529413
0.439163179916318
0.43942857142857145
0.6283185840707964
0.3162982390408392
0.49203049203049204
0.37992831541218636
0.4325776072549703
0.2681862585477043
0.25020352781546806
0.37677261613691937
0.6336879432624113
0.4018140589569162
1.0104529616724738
0.056910569105691054
0.4761792452830188
-0.03658991910392032
-0.005319148936170213
-0.13692722371967653
-0.23424124513618672
0.021621621621621654
-0.05973025048169557
-0.5788288288288288
-0.0456565656565657
0.030407124681933812
-0.08823288232882322
-0.08977217644207466
-0.13845697329376852
-0.20055936943808803
-0.15379844961240305
-0.1477652782000608
-0.1473061760840999
0.31111111111111106
0.11698400609291691
0.16377171215880892
0.04667879890809823
0.18282442748091604
0.06483856700574962
-0.15619047619047624
-0.08221119773210489
-0.06935086277732136
-0.022997032640949554
-0.012779552715654952
-0.08981958762886603
-0.050317662007623914
-0.20046875000000006
-0.1557153865913177
0.01119738455251332
-0.1011447020839448
-0.18550374486590968
-0.17338468121523323
-0.12871485943775104
-0.19199255121042835
-0.08658755843221869
-0.09257238774653793
-0.07954128440366977
-0.09803260258572237
0.06564417177914107
-0.25921237693389587
-0.32863187588152326
-0.12312138728323706
-0.22273307790549168
-0.2361820199778024
-0.285761316872428
-0.15129589632829377
-0.09104024297646172
-0.010540098199672608
-0.12134209616049817
-0.0774683544303798
-0.004584527220630402
-0.10901438091897586
-0.12888226527570792
-0.11323570046974307
-0.06744639376218321
-0.031102362204724433
0.04527687296416931
-0.17174929840972875
-0.06573476702508964
-0.05562632696390652
0.013636363636363667
-0.1596611964002117
-0.07345404851383669
-0.07801003344481601
0.05700483091787436
0.03398294762484772
0.030649490069779874
-0.1512402551381999
0.01783925590269501
0.012838291210020048
-0.036963882618510156
-0.09242798353909461
-0.009969481180061069
-0.06763454317897367
0.041985761015970714
0.007891770011273957
0.03506311360448808
0.23060686015831128
-0.08208955223880597
0.4040478380864766
0.49518716577540106
0.0647727272727273
0.27928802588996765
0.5180000000000001
0.27453416149068316
0.299586621570838
-0.11203438395415473
-0.14276457883369328
-0.4683168316831683
-0.21907090464547682
-0.13975636766334446
-0.19061032863849764
-0.10351024992979498
-0.16979198070545667
