0.13118881118881123
0.09478458049886623
-0.05949449125081008
0.05
-0.026934097421203482
0.04843825084094194
-0.015251798561151112
-0.01044434264773256
-0.001990049751243781
0.2012809564474808
0.31729518855656696
0.10286271958360436
0.10093998553868395
0.37896825396825395
0.633242506811989
-0.08585231193926852
-0.06591889559965482
0.02306442880346503
0.03967828418230571
-0.30347222222222225
0.04479166666666664
-0.0506493506493506
0.4041305796135909
0.3457875457875458
-0.01053646000642473
0.09444444444444437
0.6759042849193099
0.4573170731707317
0.8714171337069656
0.5091430620294012
0.28574821852731597
0.1333333333333334
-0.5305716652858327
-0.10670084218235082
-0.7103932584269663
0.05179856115107907
0.10870672097759675
0.14435946462715105
0.18312138728323693
0.1583892617449664
-0.4577017114914425
-0.32364305427782886
0.003417412530512649
0.21325301204819272
0.2500897666068223
0.16725092250922505
0.19707964601769914
0.22234957020057314
0.2309870232009438
0.08382012053778404
0.32612208258527825
0.33084886128364394
0.330417495029821
0.31821229050279326
0.09157653228449691
0.1970149253731344
0.10051282051282048
0.325084226646248
0.47181641887524245
0.4964243146603099
0.7407952871870398
0.4961262553802009
0.6151025752946311
0.46387559808612433
0.7191856878470081
0.20162122328666168
0.12237442922374435
0.19096385542168667
0.04232851985559575
0.08918692372171005
-0.014798788403288542
0.07745664739884402
-0.11949751373985865
-0.1661538461538461
0.42256880733944946
0.18608177633360407
-0.015112540192926046
0.042871141597256246
0.14513157894736836
-0.0036900369003690036
0.31363636363636355
-0.054368932038834895
0.1888454011741683
0.015691402419091206
-0.0749743238616912
0.07974500144885535
0.21997593261131163
0.15588235294117647
-0.13072360616844608
0.15295857988165676
0.13009554140127397
0.11699346405228768
-0.13245452148694967
-0.05851370851370845
-0.17923442581936455
-0.024513172966781214
0.1970149253731343
0.15000000000000002
-0.02696340680505029
0.001539980256663412
0.08170878459687121
0.1064372211599745
-0.09462581617277754
-0.002108289410637322
-0.058974358974358945
-0.07550077041602465
0.11262587141750588
-0.17174869947979185
0.13077660594439128
0.06727272727272733
0.2703363914373088
0.07900512070226774
0.4406513194834364
0.4636586218957679
0.03783783783783789
0.23777140516181897
0.1559618441971384
0.06369146005509636
0.44431239388794574
0.22142857142857134
-0.17544117647058816
0.10694904037061542
0.005361930294906166
-0.0027272727272726585
0.4053872053872054
0.2522875816993464
0.5593073593073593
0.12721191851626637
-0.11659281142294434
0.1543619791666666
0.569581190301249
-0.02398512550356371
-0.09285714285714289
0.09001051524710821
0.15181236673773982
0.03858731196860693
0.9096685082872927
0.7413721413721415
0.32501019991840063
0.2773609314359637
0.08568232662192396
0.12129402129402123
0.6853118712273643
0.3800956937799044
0.1518254301300882
0.16379137412236705
0.05362776025236593
0.03222308288148715
-0.004248861911987791
0.3296759704844403
-0.08737137511693169
-0.11273439686537928
0.007134171057965103
0.27352837504406063
-0.21430769230769234
-0.19021406727828744
-0.0020667726550078766
0.1695872556118755
0.028843106180665563
0.13013501867279517
0.23749242883101146
0.046310088016249217
-0.5054453355846349
-0.5940394314534617
0.053569954601733465
-0.25611510791366904
0.1928066037735849
0.12299290005461487
0.7415873015873017
0.08517940717628708
0.13136902623068628
0.2336172629187962
-0.0753749395258829
0.058361391694725026
0.09782686141788383
-0.12205276174773286
0.3840255591054313
0.20977099236641217
0.16712550607287457
0.03542061986084757
0.2063738156761412
0.46078886310904876
0.23059988992845348
0.34242603550295847
0.24557416267942578
0.3264194669756663
0.5016366612111293
0.20318471337579622
-0.3950617283950617
0.023842739378566843
0.16924738926899532
0.22747909199522115
0.00952380952380949
0.385286783042394
0.09414182939362786
-0.03952042628774423
0.0977986643581498
0.16033934252385998
-0.07926296064959407
-0.18626641651031897
0.1308908600077131
-0.13974445191661058
0.05182994454713487
-0.04339042599912173
-0.07326856784706993
0.637906647807638
0.22415766052129682
0.40823970037453183
-0.018002322880371662
-0.13177570093457938
-0.30514285714285716
-0.09207365892714171
0.8295081967213115
0.143879173290938
0.19017142857142869
-0.052106430155210645
0.027383863080684523
0.1610108303249097
0.20181297709923665
0.3267474370922646
0.13941411451398142
0.00472584065434714
-0.02483156881616935
-0.13005671077504727
0.10814249363867684
0.13159694817153375
0.30980260956841754
0.08805555555555553
0.10266159695817491
0.19137653990358874
0.09071993341656263
0.18692775866631375
0.19873563218390816
0.2372306281522238
-0.4337250894225856
0.5916063675832127
0.21819954501137476
0.4608385370205173
0.5920502092050209
0.11295285359801484
0.6410233393177737
0.4175879396984924
0.49168684422921716
0.8209064924458961
0.7060961313012896
0.050711743772241996
0.03076923076923081
-0.19100071994240458
-0.21065989847715735
0.09323308270676686
0.18072289156626506
0.5801495581237254
0.2933163048105577
-0.04230077890952661
0.12530282637954243
0.04965893587994535
0.4030769230769231
-0.021649767059468347
0.3074581430745814
0.29396524486571884
0.6975
0.36195918367346946
0.134679904142417
0.2694898941289702
0.32062135922330093
0.45723756906077345
0.35568181818181815
0.20963665086887842
0.1870466321243523
-0.04825651302605214
0.29262166405023543
0.3739130434782609
0.176298997265269
0.13763636363636372
0.18843578819233103
0.12715765247410818
0.1117612638970158
0.139622641509434
0.020468924451060664
0.3955849889624725
0.06158113730929262
