0.1295054282267793
-0.04303232998885175
0.18885335769757886
0.02503506311360452
0.1288384512683578
0.3397779833487511
0.17420550847457633
0.24447876447876452
0.11410060975609759
0.045554202192448205
0.13089005235602094
0.20706126687435109
0.21261171797418063
0.08011527377521617
0.1435545385202136
0.2422815279958137
0.26201146430432526
0.391638795986622
0.16263959390862942
-0.10232558139534881
0.08815789473684214
-0.03132530120481921
0.04430379746835443
0.1364285714285714
-0.019976218787158093
0.08918032786885242
0.15860805860805866
0.13040421792618637
0.04550669216061177
0.13189823874755377
0.12477876106194685
0.18294865756005657
0.05649263721552874
0.11579464505035608
0.15060055435786882
0.2188426055353649
0.16502914238134891
0.1345613184682501
0.26872665534804757
0.08758122743682308
0.2585313751668891
0.23401249660418355
0.2577109081139172
0.3577617328519855
0.17419536984754377
0.45991836734693875
1.144767441860465
0.4385208012326657
1.1294117647058826
0.7647294589178357
0.043105756358768364
0.13067814854682464
0.13015228426395944
0.15466666666666673
0.1610542879622345
1.104268292682927
0.14292803970223322
0.017170495767835605
0.14583828775267535
0.16723431774089248
0.15804162724692522
0.3504622871046228
0.1724137931034483
0.31918332624415147
0.28448717948717944
0.46757188498402563
0.2973635153129162
0.31232449297971926
0.2765409383624654
0.41829826166514184
0.130071530758226
0.19648706384998818
0.14316268486916947
0.09322359396433476
0.05913635396724101
0.1787079603193807
0.03502066115702477
0.03980331262939963
0.19460519862677791
-0.003972758229284903
0.08347205707491087
0.1970700924047779
0.19226642825212334
0.21056820694229486
-0.029959514170040485
0.3237903225806452
0.23172413793103444
0.2620853080568721
0.4426724137931034
0.2391304347826087
0.06459267070920116
0.09688063934003614
0.09829946080464537
0.09792568953726928
0.1805504587155963
-0.11837488457987078
-0.09014251781472682
-0.00722433460076037
-0.05341614906832295
-0.0205923836389281
-0.11018276762402086
0.06102914717524286
-0.015488215488215565
0.3204657411553963
0.2979414951245937
0.43158717748240816
0.15230352303523031
0.24791666666666667
0.19836065573770484
0.31536523929471044
0.19518716577540107
0.23971631205673766
0.08537964458804527
-0.023310023310023312
0.09974554707379127
0.06202350243622817
-0.05639599555061184
0.12129148792052379
0.09323503902862099
0.040044125758411424
0.1403136922424756
0.05221851756860743
-0.009730155603702903
-0.0092102521358616
0.056957494407158915
0.07942405945192754
0.0944055944055944
0.10231362467866331
0.16636029411764705
0.03248658318425767
0.0825
0.18115055079559364
0.09287808965228313
0.12244262932711014
0.10936686903729394
0.09271629778672036
0.08200327638661353
0.061866274797942725
0.08548931383577053
0.011918367346938701
-0.04016289132094685
0.007609531129900147
0.18083670715249664
0.12647814910025704
0.06755186721991709
0.0027820121951220205
-0.011252992817238554
0.05591250854408741
0.026800087013269483
0.10901307966706293
0.1955927475592747
0.2004934616333581
0.27909887359199
0.20133597229094513
0.31623164763458406
0.6060946271050521
0.21667425968109336
0.18120684479135393
0.09808429118773955
0.2203429462197974
0.1644851258581236
0.2135849056603773
0.09838032393521295
0.12899914456800687
0.22450229709035224
0.15756951596292482
0.1633195510927348
0.15683453237410067
0.1732776617954071
0.3677740863787375
0.08402710551790896
0.21525423728813556
0.3468873128447597
0.25690235690235697
0.16192599197503335
0.09967756794104103
0.06709202453987721
0.20871736662883078
0.3530128639133379
0.13259190608588192
0.30761766132945173
0.316716624394743
0.43734149540883244
0.5212698412698412
0.3984084880636606
0.5350125944584382
0.5050485436893204
0.5481081081081081
0.23778801843317982
0.33820346320346323
0.22922716627634665
0.25527504650544786
0.25606453471622015
0.15278633436012332
0.4218867924528301
0.14261257908448077
0.021127531472359008
0.02215220552593302
0.07324012754476339
0.2497085567731406
0.08957907642010618
0.03953185955786728
-0.013916500994035786
0.05061283345349679
-0.20909090909090905
0.11073825503355705
0.06914498141263949
0.15331010452961671
0.22424242424242424
0.1365079365079364
0.23804347826086952
0.16043307086614172
0.19855282199710572
0.1461538461538461
0.04381338742393514
-0.13524804177545696
-0.11245283018867928
0.029674796747967525
0.7619246861924687
0.5289719626168224
1.234170854271357
-0.3800312012480499
0.868181818181818
1.5037037037037035
-0.2727735368956743
-0.16237288135593222
-0.14590163934426228
0.414488188976378
0.521808510638298
