0.0016574585635359745
-0.09125168236877518
-0.23673997412677877
0.34458977407847796
-0.14925373134328357
0.5399999999999999
0.6676737160120846
0.4060721062618596
0.371864406779661
0.5119373776908024
0.6623481781376519
-0.014784394250513323
0.275609756097561
-0.10615091946734312
-0.18451063829787231
0.515340909090909
-0.09521126760563378
0.08509532062391685
0.014858841010401188
-0.02022988505747129
0.12446043165467634
-0.1822125813449024
-0.12627824019024975
-0.009968847352024886
0.031101511879049627
-0.08625877632898696
0.5255555555555557
0.12756097560975613
0.3129533678756477
-0.007499999999999929
-0.029069767441860465
0.08385026737967911
0.12919580419580415
-0.08884026258205695
-0.035930735930735896
0.374712643678161
0.20992907801418445
-0.2198243412797993
-0.05809822361546502
-0.13517915309446255
0.09724770642201838
-0.09849462365591401
0.22644628099173544
0.20426829268292682
1.2083333333333333
0.35039062499999996
0.10522193211488254
0.07704213241616502
0.03510638297872337
0.028131021194605053
-0.07564894932014839
0.13524752475247515
0.31547619047619047
0.5647058823529413
0.27574850299401205
0.29027431421446376
0.12823315118397083
-0.13925104022191398
-0.04371002132196162
-0.2416083916083916
-0.026713124274099883
-0.10582524271844657
-0.08329718004338389
-0.08741092636579575
0.06471571906354523
0.8025316455696203
0.5653333333333332
0.5757105943152454
0.522674418604651
0.3128395061728396
0.16902800658978587
0.25022831050228317
0.04893419833178865
-0.053521126760563406
-0.01811224489795924
0.0410681399631675
-0.050817236255572135
0.01938490214352279
-0.1517374517374518
0.030144927536231818
0.056243213897936975
-0.017495029821073583
-0.09354838709677425
-0.028957836117740724
0.1717391304347826
-0.12541743970315403
0.09572471324296138
0.09038961038961042
0.09221411192214106
-0.013707165109034197
0.5278688524590165
0.06214099216710186
0.08322580645161294
-0.03297491039426519
0.14207389749702032
0.06193181818181827
0.02080536912751674
0.16888888888888884
0.10000000000000005
0.33069306930693065
-0.03551401869158871
-0.22656000000000004
0.006696832579185603
-0.28191489361702127
-0.056659142212189664
-0.0345058626465662
0.17963558413719175
0.6896103896103896
-0.020318237454100396
1.4012121212121211
-0.06960000000000002
0.33731343283582094
0.47160120845921455
0.26448087431693995
0.6096885813148789
0.332421340629275
0.6597560975609755
0.2611620795107033
-0.005452946350044016
-0.032506203473945464
0.41299254526091583
0.527810650887574
0.1690515806988353
0.4186046511627907
0.40536912751677856
0.1059490084985835
0.0019093078758950152
0.0063926940639270095
0.34067415730337086
-0.06576319543509276
-0.08421052631578942
-0.1111963190184049
-0.12206008583690992
-0.14801587301587307
0.024414303329223126
0.03603896103896111
-0.12294776119402981
-0.042488619119878605
0.3893750000000001
0.4186219739292364
0.9170588235294116
0.4542500000000001
0.4531302876480541
1.259493670886076
0.02451512800620629
-0.08455056179775287
-0.0036051502145923136
0.21335268505079827
0.6589970501474925
0.1707376058041113
0.09615384615384616
0.24554865424430647
0.5673469387755102
-0.29213114754098357
-0.016216216216216148
-0.004477611940298465
-0.46572934973637964
0.3163814180929095
0.13530787217459073
0.05275498241500586
0.10049627791563276
-0.0725
0.1384879725085911
-0.01832669322709161
0.08261682242990663
-0.23625632377740308
-0.2831228473019518
-0.006914546640573978
-0.21675977653631281
-0.001870407481629896
-0.2152241918665276
-0.29793103448275865
-0.18986666666666663
0.1934256055363321
0.16192733017377567
0.4287567567567567
0.3690821256038646
-0.13908045977011488
0.06259808195292062
-0.06465833945628215
-0.3019607843137255
-0.3305555555555556
0.32684365781710917
0.7373239436619717
0.6532467532467532
0.34153005464480873
0.6389473684210527
0.468944099378882
0.16647727272727278
0.03777777777777774
-0.03037593984962413
-0.4871716787209745
-0.31565656565656564
-0.25624421831637373
-0.15415617128463474
0.22668863261943992
0.47741935483870973
0.4217741935483872
0.0625
0.19386892177589862
-0.49465648854961836
0.19830899308224442
0.25259999999999994
-0.0045307443365695055
0.3162471395881008
0.22571428571428562
0.24188481675392665
0.09194547707558866
0.18975265017667842
0.019954128440366946
-0.023769100169779286
0.057883369330453585
0.011037107516650723
-0.06836158192090393
0.729122807017544
0.4935064935064935
0.26618962432915916
0.15516778523489935
-0.07323943661971824
0.15975975975975973
-0.07781155015197576
-0.03513281919451585
0.21675675675675674
-0.06787709497206706
-0.03076923076923083
-0.05942857142857146
-0.08084440969507435
0.2597600872410033
0.38009950248756225
0.8448484848484847
-0.2554781507283091
-0.07226337448559667
0.008172043010752713
1.26953125
1.815492957746479
0.5828382838283829
1.2457564575645756
