0.7822866344605475
0.015516107823800071
-0.0354933726067747
0.13990755007704153
-0.09686697483307648
0.27164179104477615
0.10905624404194465
-0.026091081593927895
0.012732615083251714
-0.3172774869109947
0.2997445068983137
0.043134978229317826
0.5975547631176771
1.8311688311688312
0.18679867986798687
0.062391774891774866
0.10557884553369884
0.1256153144940747
0.1563721657544957
0.18435538387252542
0.05343156262117107
0.23007614213197963
0.6109810981098109
0.3141454707719768
-0.06287499999999994
-0.26987179487179486
0.17074312463428903
-0.032422243166823836
0.12067796610169491
-0.014846107423053657
0.08985507246376809
0.09580152671755734
0.13029150823827623
-0.0599797365754813
0.027313769751693053
-0.18702397743300425
-0.09561170212765954
-0.09160997732426307
-0.129243937232525
0.08674443266171787
0.27559395248380125
0.23896797153024904
0.22624633431085037
-0.6166666666666667
0.129826464208243
0.13872491145218419
0.09667590027700824
0.1757647058823529
-0.06142131979695429
0.07261978842563786
0.05169340463458111
1.182857142857143
0.13896713615023476
0.34277539341917035
-0.20353260869565212
0.039446366782006845
0.009306834706737672
-0.04800936768149883
-0.02381086405854205
-0.06085011185682324
0.1383371824480369
0.13681090693538825
-0.3323076923076923
-0.05382740126767435
-0.04966442953020138
0.3965993623804464
0.07439613526570056
0.260620525059666
0.4822808093194359
0.29061604584527223
0.23709456372772955
0.30257376020087884
0.07570754716981137
0.1145772594752187
0.2116107000569153
0.15228161668839638
0.20991636798088417
0.22583732057416261
0.2986639260020554
0.09145416953824952
0.14771118452100046
0.3612011062821019
0.26938775510204077
0.2477521263669503
0.46635230717413284
0.645409317051108
-0.09560723514211886
-0.07657355679702045
-0.007317073170731638
-0.20383141762452103
0.10008305647840532
-0.11511053315994796
0.041193181818181816
-0.04318181818181826
0.40138248847926267
0.11743471582181267
0.14538021259198688
0.14119448698315473
0.15388086642599277
0.20387409200968515
0.06947791164658632
0.1
0.3059259259259259
0.07820701857859033
0.2183745583038869
-0.06033195020746892
-0.22933160285528884
2.207692307692308
0.027706890266131972
0.3327586206896552
0.09277638190954776
0.022740338549983974
-0.1352686308492201
0.40139593908629434
0.4069767441860465
0.5110859728506787
-0.06643688065489005
-0.156926528323051
0.47702952029520285
0.09549314173742655
0.2521186440677966
0.4918250950570343
0.2500867553499133
0.23268408551068892
-0.33249857712009107
0.03515151515151511
0.14090076894910297
0.10384615384615391
0.12439184746877058
0.03694004135079249
0.034140361630401496
-0.05965233302836235
0.010366074664733566
0.039081885856079406
0.047874427730542866
0.15919923736892277
0.05546772068511202
0.2231775700934579
0.02767857142857138
0.04068589243959474
-0.07886323268206034
-0.054715622750179986
0.41476323119777164
0.14381551362683437
0.2647531572904708
0.39705323193916353
0.0
0.2719546742209632
-0.06451612903225806
0.21992797118847546
0.07948463825569875
0.0898222940226171
0.1878433664523671
-0.14661737523105356
-0.08962996802192784
0.3947609692206943
-0.01735700197238661
0.6254687499999999
0.10452221785292969
-0.09223638470451914
-0.059871244635193166
0.3771201413427563
0.04993673555461834
0.5094559585492228
-0.14686774941995362
0.1253271747498075
0.11942324003392701
0.059656652360515046
-0.1967276227141482
0.17122762148337592
0.09961240310077515
0.16457564575645764
0.06694992412746582
0.35972309628697285
0.016360856269113218
0.22154639175257743
-0.055039920159680615
-0.03495426095329798
0.371599045346062
0.2594427244582043
-0.23145437558393017
0.09177861364857601
0.2158628935831008
0.2502638522427441
-0.020380739081746885
0.08337004405286348
-0.20478374836173002
0.03278813236972226
0.055285095031677285
-0.04978567054500916
0.3468139337298216
0.16794995187680462
0.95874213836478
0.09145897507700922
0.11872727272727264
-0.08525033829499323
0.36086956521739133
0.08884758364312259
0.3481751824817519
0.21850533807829173
-0.035789473684210524
0.007783018867924555
-0.08336594911937378
-0.020676831535886914
-0.17287356321839084
-0.0336417157275021
-0.026581543818920462
0.050549450549450495
0.01990740740740741
-0.1676404494382023
0.2747097844112769
0.07340267459138183
0.09568138195777355
-0.08193668528864059
0.04204056545789803
0.3177121771217712
-0.764
-0.02211538461538459
0.059233449477351915
0.21774123755949798
0.43859817570811327
0.3101426307448495
0.16017316017316016
0.16820040899795502
0.14563426688632616
0.24635001593879507
0.1532838983050848
0.07428998505231685
-0.10476190476190476
-0.22194357366771159
0.0905456509994597
-0.05820256776034241
-0.018914956011730173
0.9093812375249503
-0.06408921933085505
-0.145046599930963
0.04082379862700221
0.46778670562454355
0.5418279569892475
0.366351418616227
0.29856115107913667
0.39203980099502495
1.1001461988304093
0.688888888888889
0.05667884693463252
0.24473481936971567
0.41397479954180993
0.1437169312169312
-0.11517509727626453
0.2864573991031391
0.17531584062196315
0.13208333333333336
0.4553418803418804
0.28808933002481396
0.3407619047619047
