-0.09515190691661282
0.10581222056631892
0.01832481321274082
1.5087719298245614
-0.0489268166537367
0.010518174787316249
-0.027807133421400204
-0.3670886075949367
-0.14851743238840018
-0.010426829268292628
0.5337792642140469
0.15356880058866818
-0.09076620825147341
-0.21227927193697368
0.008653846153846118
0.13333333333333328
0.12702394526795893
0.10367929708951124
-0.07919038583175209
0.0006242684354271982
-0.11497933884297516
0.2922287390029325
0.2544095665171899
-0.0055681818181817925
0.04377510040160649
0.6893333333333334
-0.0279506752789195
0.15212038303693576
2.03859649122807
-0.14919722022525758
-0.07117537313432831
0.029891304347826088
0.11774193548387092
0.10314136125654451
-0.13567688855646978
0.06597826086956526
0.02029966167230546
0.12531876138433506
0.2113973458235753
0.045586975149957194
0.19331742243436753
-0.17762619372442026
0.006089438629876395
0.026608267177662147
0.05534062237174092
-0.1678756476683938
0.18409523809523806
0.16471111111111106
-0.12118343195266269
-0.1558799675587997
1.1044585987261144
0.44180915609487037
0.48839237057220697
-0.05751243781094523
-0.13036363636363635
0.05167883211678829
-0.02310936182175986
0.2007812500000001
0.1143518518518518
-0.04472190692395003
0.07224165341812396
-0.06887835703001584
-0.018014835747085834
-0.164267483409903
0.05586878523833931
-0.10532118887823588
-0.0669802999117907
0.11135503406510212
0.12648054145516074
0.08104426787741201
0.17593105570944903
0.021383647798742113
0.05063085063085067
0.10044523597506681
0.18460698689956323
0.03555351401010569
0.09039323046291683
0.2782060266292922
0.16793422404933206
-0.19465240641711232
0.10981507823613093
0.20027247956403268
0.1004573170731707
0.14631170271769284
0.18323895809739518
-0.04449388209121246
0.15769230769230774
0.05636942675159236
0.023868778280543013
0.07024096385542163
-0.05321473951715377
0.1711572282799859
-0.04710144927536232
-0.12339235787511647
0.08829404714342788
-0.0037205456800330715
0.2906040268456377
0.06519038617337297
0.101766304347826
-0.05951359084406293
0.12365086813702487
0.16486873508353225
0.040760389036251024
-0.06954835134386257
0.15724225173940537
0.005863607393244133
0.04365548980933602
0.11202113606340813
0.24743589743589733
-0.21219226260257915
-0.06946107784431134
0.03135011441647595
0.195093608779858
0.09718670076726342
0.08721220527045773
0.14214527027027024
0.1466960352422908
0.11824512534818939
0.010368025326474009
0.17581792318634426
0.05652173913043478
0.14379344587884801
-0.04283493938451979
0.1119415109666937
0.7771812080536912
0.025539733578318746
0.04091954022988508
-0.004549283909014399
-0.021383203952011258
-0.0029933481152993853
0.5359050445103858
0.28733624454148476
0.6568288854003141
0.5465034965034965
0.05844820795588818
0.23919915700737618
0.1067782426778242
0.37235772357723573
0.2405701754385966
0.3438155136268344
0.4928030303030303
0.04449630493971221
2.130769230769231
0.23167760074976573
0.26463335496430884
0.32407579993786884
0.5209362808842651
0.19354365370506232
0.7351111111111112
0.42429987074536846
0.18839933073061918
0.3019097222222222
0.5913703831549879
0.45197215777262195
0.03643979057591618
0.13905013192612134
0.04686716791979947
0.08754999999999996
-0.018699910952804988
-0.1092989985693848
-0.1150670794633643
0.3682656826568266
0.23997547516860826
0.2577677224736048
0.23076923076923078
0.22895994119808893
0.08236141108711309
0.022283356258596933
0.0006336405529953393
-0.052537776055792296
0.053999075358298745
0.08541666666666667
0.278548161935784
-0.10415430267062321
-0.20633019674935846
0.13409873708381165
-0.01581362513236858
0.09269480519480523
0.03372058385463206
0.18968935888962327
0.22264477095937776
0.1833629576964096
-0.08493723849372385
-0.008174770965468576
-0.0003727171077152441
-0.09277708592777086
0.19495145631067962
0.0945598417408507
0.004792579232156638
0.10218114602587804
0.3271186440677966
0.12288535852297115
0.07980815347721827
0.01599158337716996
0.10189054726368169
0.07724425887265135
0.041710213776722176
0.020404721753794305
0.2000000000000001
-0.07220197813638732
0.14378437843784383
0.2108954289292423
0.15486631016042776
0.0913212048911422
0.15294117647058827
0.0802262550082488
-0.10176678445229675
0.011428571428571389
0.1630769230769231
-0.06877828054298638
-0.12517985611510787
0.004508566275924256
0.002729411764705968
0.25302663438256656
0.4158763985082578
0.2253384912959381
1.1486792452830188
0.05678571428571434
0.04782016348773845
0.2388663967611336
0.10157819225251069
0.10509383378016078
-0.05949250993579942
-0.042144748455428066
-0.001557737893667426
0.42183754993342204
0.24400977995110026
-0.02581591492482585
0.11354350567465317
-0.0020683453237409664
-0.13222543352601157
-0.08667805294619983
-0.28692493946731235
0.12356435643564359
0.08851454823889744
0.08401253918495294
0.09056603773584897
0.32425876010781673
0.0928730512249443
0.0002857142857143507
0.1840132669983417
0.07101211922698991
0.4264074524098826
0.29201072386058974
-0.04345479082321183
-0.2616755793226382
0.03616532721010333
0.4459574468085107
0.012252252252252308
0.1760223048327137
0.13495518565941098
0.07516697024893744
0.28407079646017697
0.6153846153846154
-0.2150829562594269
0.16033755274261605
0.195719557195572
-0.2016949152542373
-0.0696593609717455
0.22721247563352834
0.21334493762692186
0.019712525667351176
0.3953084274543875
0.14521497919556178
0.1761259611863786
0.3642276422764228
0.5307167235494881
-0.04343845371312314
0.34925373134328364
0.20955710955710952
0.07540360873694216
-0.10836012861736331
0.13780760626398214
-0.15261845386533662
