0.064103299856528
0.3802902055622733
-0.011341632088520117
0.10899653979238755
0.04522336769759447
0.05985130111524172
0.01495327102803736
-0.05297418630751969
0.05986754966887423
0.5559701492537313
0.39337349397590354
1.2363636363636363
-0.18984861976847733
0.035865921787709525
0.20545746388443017
0.1959140911471975
0.19704524469067414
0.13164306881791246
0.09242819843342027
0.4421983575489577
0.3015513626834381
0.2675296061690993
0.41583742116327965
0.12851469420174738
0.17431480031323418
0.035557545902373526
0.2511972352505555
0.26744186046511625
0.019241652518392757
0.10354505169867063
-0.057561361836896315
-0.0369741100323625
-0.13889552952426487
0.2048569886670264
0.24753289473684212
-0.29492753623188406
0.41472143147620993
-0.03894273127753308
0.05281249999999993
2.322627737226277
-0.2420829805249788
-0.14822006472491905
-0.1794781070322866
0.26766798418972326
0.12799251870324185
0.022987229317046137
0.027803145611364766
0.10689142290530486
-0.027247404406178757
0.7342105263157896
0.531523642732049
0.07643432906590793
0.0032326669502339045
0.13492516037063432
0.15390334572490716
0.10497630331753562
0.05098670962545304
0.23877034358047008
0.5224719101123596
0.01647999999999993
0.1099447513812155
-0.03512544802867388
0.100702165008777
-0.09175126903553293
0.24461889085844518
0.19588839941262845
0.2382186616399623
0.26155030800821355
0.03354521222062751
0.10121099208197493
0.29483178937103843
0.21778989098116946
-0.3045080360642885
-0.17320347459857857
0.013625954198473213
0.07943519188993486
-0.01597337770382693
0.12068376068376066
-0.023153084539223108
0.21071428571428574
0.06674082313681869
0.14031702274293584
-0.453391167192429
0.16726862302483075
0.2084464555052791
0.002696456086286595
0.22761606928073125
-0.01111528351483286
0.12864583333333326
0.17782805429864254
-0.15833657209483099
-0.17331954498448812
-0.0764705882352941
-0.08403755868544603
-0.0817796610169492
-0.021825205214872065
-0.041357592722183284
-0.008687211841786018
0.05838433292533665
0.12234673698088326
-0.5185082872928176
-0.514519906323185
-0.40026560424966795
0.28299251870324194
1.2024353120243532
0.03130434782608696
1.4483925549915397
0.1307366638441999
0.011680630852636677
0.1065700982928091
0.007001044932079463
0.07781569965870297
-0.02864197530864194
0.02432679141944326
0.1351947097722263
0.020515518148342977
-0.07947494033412895
0.29594805194805185
0.007139874739039628
0.14079728583545378
0.27155727155727155
0.06553524804177552
0.21465517241379306
0.0481294236602628
-0.2622723330442324
-0.017414529914529867
0.2343825665859564
0.35520327282025055
0.09117647058823536
0.11549295774647887
0.21324921135646682
0.24429860541427395
0.16168514412416848
0.17137055837563447
0.21416309012875542
0.1357905982905982
0.42892508143322483
0.225177304964539
0.21256213285133307
0.10250569476082004
-0.04365192582025681
0.1298616761594793
0.12549787789748615
0.053455284552845435
0.260403945514326
0.08601652892561977
0.30642504118616143
-0.09804092294296901
0.0980204778156996
1.4260869565217391
0.017555555555555588
0.045984143398828024
-0.013928182807399297
0.14368635437881863
1.0
0.862251655629139
0.4332982086406744
0.24807103490508262
0.19625468164794013
0.06538461538461536
1.1827272727272726
-0.046723646723646726
0.0882562277580071
0.32952755905511805
0.3537499999999999
0.05702527924750147
-0.1666592576128029
0.026525079078174342
0.06330142152596456
0.14354838709677425
0.19724991405981443
0.18431831480397892
0.14099447513812144
0.08984881209503244
0.1389658095507206
0.14602803738317757
-0.36374311926605507
-0.22514435695538063
-0.42602842183994016
-0.5705952380952382
0.10145644407804337
0.17825185185185183
0.3263732733697398
0.36869788325849917
0.7944915254237288
0.08648957440731225
0.42569239835002953
0.08741182854042318
0.2598907766990292
0.11577726218097442
0.018850987432675045
0.13312202852614896
0.34451901565995524
0.10196165849308952
-0.016345062429057863
-0.2740568775391759
0.2036853295535081
0.12941906140169526
0.048947604120017994
0.04306373861810396
-0.033188782885226996
0.29398320895522395
0.09469320066334995
-0.06219178082191778
-0.14707379134860055
0.1240641711229947
0.047562337179010115
0.05048543689320388
0.20375521557719053
0.07014314928425348
0.18015313935681465
0.7747878787878788
-0.23575920934411498
