0.08872762457668122
0.19321314952279964
0.1271914132379249
0.13833892617449672
0.09954128440366967
0.14861878453038677
1.00625
0.4703448275862068
0.3012106537530266
0.15380710659898483
0.5865612648221343
-0.2414486921529175
-0.3550042771599658
-0.26671529297349866
0.09845559845559845
0.3641237113402062
-0.2265060240963855
0.07692307692307693
-0.17142857142857143
0.1985365853658536
0.0410370370370371
0.09173517957594116
0.5520547945205478
0.9939163498098859
-0.4013679890560875
-0.27001703577512776
-0.11476251604621307
-0.048380129589632864
-0.41262135922330095
-0.3298216507673165
-0.3213827838827839
-0.059127864005912786
-0.02583184257602856
-0.008754781130471699
-0.011106969809914343
-0.1955188050146706
-0.3585406301824212
-0.16042031523642736
-0.09118483412322279
0.09553980825343886
0.018061674008810504
0.12291169451073986
0.15677445763405648
0.14921402660217647
0.67601246105919
-0.08851063829787241
-0.01768115942028992
-0.1070104754230459
-0.0005743000717874764
-0.06932814021421613
-0.13902759526938244
-0.12666666666666668
0.4750341064120055
0.9634615384615384
-0.004759493670886122
0.014678235719450436
-0.10933333333333325
0.20606860158311352
-0.2170731707317073
0.40833333333333327
0.11217948717948718
0.020111731843575387
-0.0483844911147012
-0.08363636363636368
-0.10790990047145102
-0.03276792598303778
-0.05824782951854771
0.011023054755043196
3.602409638554217
0.3379999999999999
0.7692307692307693
0.5021428571428572
1.7638297872340427
0.3023255813953488
0.0028368794326240868
-0.02727272727272723
0.14032258064516126
0.09014877362283868
0.09078801331853491
-0.014736842105263203
0.04385601985932975
-0.04767441860465121
1.316348773841962
-0.2553606237816764
-0.04223433242506812
-0.41731066460587324
-0.031473829201101956
-0.012606473594548513
-0.03916938110749178
0.02640429338103763
-0.02888086642599278
0.04105011933174221
-0.16566647432198495
-0.23741104710267702
-0.2530733820741944
-0.2006575014943216
2.4326923076923075
2.518857142857143
0.02751937984496133
0.20842105263157892
-0.05724999999999994
-0.01805555555555558
0.23529411764705882
0.09048843187660666
0.14358974358974363
0.033121019108280185
0.0820659971305596
-0.05631293570875294
-0.09211318482841661
0.11079027355623097
-0.06256684491978604
0.3804081632653061
0.21683297180043393
0.1795085381091212
0.1111896348645465
0.2851851851851852
0.006830309498399122
0.27345971563981036
-0.049949647532729124
-0.053952321204516936
0.35259259259259257
0.2987261146496816
0.1938028169014085
-0.04091087553985073
0.12244138444361742
0.04359861591695502
0.8736363636363635
1.6766233766233765
-0.10827067669172938
0.0232104121475054
0.05265822784810129
-0.1152830742153124
-0.09722904244124862
0.08769230769230767
-0.050607734806629785
0.14648648648648646
-0.158974358974359
-0.05733333333333336
0.12313725490196084
-0.1730886850152905
-0.26929516608155546
-0.3561742548313135
-0.2592964824120603
0.7691987513007285
-0.24198866563627
-0.2669211889828198
-0.26241745621590584
-0.09302325581395349
-0.16771799628942483
-0.20239931448157672
-0.18098933074684775
9.885714285714286
9.885714285714286
-0.0881209503239741
-0.1670400943396226
0.03127506014434643
-0.23897435897435898
-0.07002909796314262
0.10333716915995392
0.3527638190954773
-0.2160124772550039
-0.5206549118387909
-0.18690797073546403
-0.13579644475426975
-0.07158576051779929
-0.05142857142857149
-0.11511047754811118
-0.16316171138506164
-0.11985042069180427
-0.10041189931350118
-0.021572720946416143
-0.03596116504854365
-0.033194328607172606
-0.02085798816568051
-0.011221122112211188
0.02007804185881515
-0.035785837651122594
-0.1460446247464503
-0.15275590551181104
0.11777509068923814
0.06105054509415254
0.1135446685878963
0.1378571428571429
-0.07647252385653179
-0.12640000000000004
-0.05209483598570967
-0.08201970443349757
-0.07031719532554254
-0.19541547277936966
1.9159737417943106
0.00478885502829778
0.049856967715570084
0.0019221967963385896
0.07117465224111276
0.46564885496183206
0.6840707964601771
-0.10322993284298056
-0.0743570903747245
-0.10496397117694148
-0.21006493506493504
