0.18381700238989418
0.1178983340452798
1.4666666666666666
0.009132640734476971
-0.21062355658198612
0.05491698595146871
0.1551912568306011
0.09587939698492456
0.1263492063492063
0.6062200956937799
-0.01398496240601497
0.49566968781470294
0.52
-0.012561657349556008
-0.3399698340874811
0.05012567324955113
0.31011135857461014
0.3249999999999999
0.011585365853658571
0.20286806883365205
0.2489826676714394
0.37815126050420167
0.10904109589041099
0.6608294930875575
-0.2224221453287198
-0.013333333333333407
0.23067689229743255
0.07374407582938391
0.39776847977684804
0.028700906344410877
0.10858923008455719
0.028664495114006552
-0.20431034482758628
0.11086453999075367
0.12204234122042341
0.10152284263959391
0.545945945945946
0.3094622759483118
0.21320450885668274
0.1637813211845102
0.0071618037135278215
0.31313330054107225
-0.030077405086619945
0.2359125315391085
0.7254766031195841
0.06037267080745345
-0.17899686520376176
0.1678832116788321
-0.06753429475905734
0.8284664830119376
-0.16345381526104413
0.245219638242894
-0.05907065563335452
0.6233457249070633
0.19167280766396455
0.16103996895615055
0.21484690930098213
0.05807443863426644
0.4290150842945874
0.0984412470023981
0.16381578947368425
-0.2
-0.28542814221331997
0.3054744525547445
-0.0019711902956784755
0.0059833795013850164
0.5323210412147504
0.22755267423014583
0.3934372436423297
0.6707294552169899
-0.38227848101265827
0.17435540069686414
-0.06241134751773044
-0.008552882779686938
0.36140979689366787
-0.07931034482758623
0.03966457023060793
-0.3876543209876543
0.05667125171939473
-0.04552090245520896
-0.06943396226415097
0.20049999999999998
0.09319899244332494
-0.10465116279069768
-0.10948370560234347
-0.15099075297225886
-0.030769230769230813
0.047305389221556825
0.10560806553245111
-0.2505280946345585
-0.009449838187702207
-0.10400000000000002
-0.2923076923076923
0.10050377833753144
0.11537515375153755
0.363891178895301
0.037962962962962914
-0.04320457796852653
0.2
-0.11894389438943898
0.504548736462094
0.20978670012547057
0.038974073041538944
0.31801619433198386
0.107552620718118
0.2701754385964912
0.013256484149855974
1.2050761421319796
0.7306930693069308
-0.33482810164424515
0.12234595397178913
0.15903614457831328
0.16697588126159554
0.19444674678823035
0.10655226209048355
0.04849921011058459
0.33782383419689116
0.13245614035087713
-0.5327586206896552
0.05973025048169557
-0.05405405405405406
0.030439859867652713
-0.1842696629213484
0.25454545454545463
-0.011890243902438955
0.038596491228070226
-0.09200863930885535
0.042156862745098014
0.11363022941970316
0.24897196261682253
-0.09297458893871456
-0.3062068965517242
-0.06356220258327669
0.3626962142197599
0.17423312883435593
0.124171322160149
0.21489841986455993
-0.04177997527812108
0.058798435833629606
0.12751740139211146
-0.027955830864530077
0.05433715220949271
0.3107122826696579
0.0034411562284927736
0.27352101183190536
-0.06900584795321645
0.22720848056537107
0.39365853658536587
0.11076573161485967
0.06756126021003497
-0.03163398692810464
0.06483241620810401
-0.07268394399761692
0.023462184873949642
0.03588907014681892
0.29450549450549446
0.005283340434597397
-0.07509881422924901
-0.32639999999999997
0.2333333333333334
-0.03893881044073599
-0.03749999999999996
-0.03434343434343434
-0.2439897698209718
0.32484342379958253
0.16505102040816325
0.037470409198512064
0.06327390599675844
-0.012636780797740974
-0.06153314917127065
0.642696629213483
0.22109331860850365
0.4471196454948302
0.1171470805617147
-0.09695057833859093
-0.2554921540656206
0.35409836065573774
-0.13532530120481925
0.2791443850267379
0.0845971563981042
-0.06294520547945212
0.2810198300283286
0.32791666666666663
0.4466101694915253
0.11676909569798069
0.04222648752399232
0.4168660968660968
-0.22185230024213076
-0.039875819248016524
-0.18973868706182284
0.09456342668863259
0.5066037735849056
0.42031686859273065
0.5245737211634904
0.1690271343481139
0.020100864553314186
-0.08588137009189636
0.09120766335956207
0.13683820807108474
-0.021561338289962796
0.27692307692307705
-0.0593406593406594
-0.11415662650602403
0.3747126436781609
0.16035502958579878
0.19386554621848742
0.536986301369863
-0.05284525790349424
0.19401993355481734
0.16720916214587106
-0.07421875
-0.07138211382113817
-0.07989337395277996
-0.09142185663924789
0.14651162790697683
0.021447319085114293
-0.13354037267080746
0.02802919708029197
0.050874831763122415
-0.10340066479161342
0.08193832599118936
-0.09156498673740049
-0.08902743142144635
-0.008449074074074022
-0.07018694653984914
0.05930880713489406
-0.015635939323220466
0.27826515524889106
-0.04007079646017693
0.7955271565495208
0.17882797731569003
0.4461538461538462
0.23948497854077258
0.13019607843137251
-0.09267982176957346
0.22620689655172413
0.12368681863230917
0.02207911683532659
0.6424591738712776
0.7743589743589744
0.18674033149171276
0.29048991354466863
0.11909385113268613
0.23724546464272497
0.21684782608695655
0.014802065404475082
0.0017751479289941502
0.26739726027397265
0.42140845070422533
0.07769516728624527
0.6708474576271186
0.15615050651230097
0.5739130434782608
-0.26628710858072385
-0.004498525073746246
-0.013661538461538489
-0.07593646988312859
-0.09818311364446025
0.011804384485666104
0.04526315789473681
0.13693901035673187
-0.14213036565977738
0.4437158469945355
-0.014477848101265787
1.067601683029453
-0.04713560551124003
0.0762475049900199
-0.12163461538461544
0.11548709408825981
-0.30103950103950106
-0.06368286445012782
-0.15403407264545158
0.08073394495412844
-0.18812448812448815
-0.08913538111490332
0.773684210526316
-0.032176656151419625
-0.02699530516431925
0.06632124352331611
0.008350222942845525
0.21148197596795726
0.05678391959798991
0.1915176715176715
1.547826086956522
-0.009994447529150472
0.027018299246501638
0.046368159203980006
0.1300248138957817
