0.10037119524870085
-0.07762430939226525
0.1683912691996766
0.059534883720930194
1.2447058823529413
1.0867924528301887
0.15906302286670373
-0.2517708788806296
0.07583892617449672
0.2132200188857412
-0.04514991181657846
0.13178613396004699
-0.026765559496936472
0.303761147731679
0.12207896857373086
-0.37623762376237624
-0.22114624505928848
0.29885864793678674
0.45152224824355974
0.5589430894308943
0.35167394468704516
0.30186170212765956
-0.044413342663867525
0.08626907073509016
0.0641520299452923
0.016314045373438696
-0.21401339515713555
0.024192139737991305
0.49235880398671095
0.1732169954476479
0.16641521810429652
0.10290332235857533
0.12617199627444894
0.06101791299402898
-0.02001003009027086
0.2021628498727735
0.10369951990963
0.22442450253609045
0.13071547420965066
0.20214573088958418
0.042074292019124715
0.11696905016008528
0.01840707964601766
0.16480000000000006
0.4553861788617885
0.2013274336283186
0.17176602924634427
0.1253810470510272
-0.23063994828700707
0.2719449225473322
-0.05683122847301952
-0.0006768189509306261
-0.1283768862716232
0.22653958944281524
0.3476130653266332
0.145984251968504
0.23280282935455346
0.42756489493201494
0.15259515570934265
0.1976317799847212
0.042233582383012225
0.1300751879699247
-0.09469387755102036
0.1420190995907231
-0.20866955651883967
0.41212121212121217
0.45773342836778336
1.0622848200312989
-0.06112560566530004
0.009569865105624818
-0.17567633438947117
0.29103726082578046
0.44468412942989216
0.3126643598615917
0.19102244389027437
-0.03625954198473282
0.0186454183266933
0.10762195121951224
0.24788583509513742
-0.18310387984981222
-0.1230850501848917
-0.03180291153415447
0.24923425978445837
0.20515796260477115
0.6019607843137256
0.1704493526275704
0.18753817959682345
-0.07141141141141147
-0.1118982742960945
0.04712494595763078
-0.14212869283690807
0.21597523219814238
0.5404580152671755
0.3108244531688165
0.3090813093980993
0.6175757575757574
0.009239130434782649
-0.03934997098084733
0.23817330210772844
-0.02142857142857148
0.11711580480699195
0.21790149892933627
0.13719512195121952
0.0925566343042072
0.05110246433203629
0.062135922330097085
-0.23008130081300812
0.23112840466926077
0.38239475123018046
0.27118847539015617
0.34647713226205185
0.04174311926605502
0.5267447784004076
0.726984126984127
0.044568380213385106
-0.30332640332640326
0.4256880733944955
0.01004891062694527
0.2764955867930697
0.6109570957095709
0.237873754152824
0.1079365079365079
0.01327014218009484
-0.02675974403723095
0.4547826086956522
0.4784777742244963
0.37433188315724064
0.6497005988023952
-0.19017467248908296
0.8324217201743955
0.3278677685950414
-0.0642925890279114
1.0722741433021807
1.6838827838827841
1.1563432835820895
0.4828212290502794
1.1125
-0.062300547749464134
0.07868259138617448
0.34440865163368617
0.21831955922865015
0.06924671734623362
0.46268425135764163
0.45757162346521135
0.057763975155279576
-0.11332633788037776
-0.02799999999999996
0.03037974683544311
-0.0010386612810155537
-0.029661016949152543
0.20763199163617346
0.02623199393479902
0.21917675544794185
-0.11042893187552562
0.14953271028037382
1.042319749216301
1.0661073825503358
0.8662835249042147
0.2044303797468354
0.0600370599135269
-0.13271523178807954
0.09916201117318436
0.5438144329896907
0.1769337016574586
0.2250323415265201
-0.01773743016759783
0.428937728937729
0.016346153846153875
0.07236962488563578
0.8761336515513127
0.22307692307692317
0.05229157573112186
0.03878406708595388
0.023873873873873925
0.03153360137851814
-0.19206253758268196
0.22302158273381295
0.4388179986568167
-0.016773442050087337
-0.30986887508626637
0.19845651528643513
-0.018239795918367288
-0.032562814070351734
0.21861057998725303
0.2884097035040431
0.1383308714918759
-0.21891891891891888
-0.03476272155517436
0.1284654057936319
-0.49316770186335407
0.24779411764705891
0.10384271671134945
0.4666666666666666
-0.052934494509655504
0.22935647143890098
0.03515625
-0.273157415832575
0.18610079575596827
0.07796730632551531
0.004785526699737406
-0.0024096385542169015
0.33717672413793115
0.048019801980197965
0.43729838709677415
0.11616405307599512
0.2640402347024308
0.3079635258358662
0.45848623853211
0.3318091451292246
0.8157894736842105
0.09162561576354684
0.06622516556291391
0.1026706231454006
0.004079497907949767
0.5340937896070975
0.021027364378300616
-0.008421052631578947
-0.06440677966101688
0.11019929660023446
0.14477379095163811
0.5904306220095693
0.22845744680851068
0.1345935727788279
0.163476733977173
0.507647628267183
0.7250000000000001
0.8490611750454271
0.2719681908548707
0.286425902864259
0.23293386595650253
0.2971177332681973
0.30145846544071025
0.011244019138755954
0.051555555555555584
1.1814404432132963
0.1868563021088769
0.4028953229398663
0.6000000000000001
0.14284572342126303
0.5059770826881388
0.2784023668639054
0.4867890729959696
0.24609375
0.22586859305125556
0.4858369098712445
0.13287070854638428
0.22635983263598336
0.02786234281932489
0.35457504520795663
0.07376425855513313
0.18251285819250557
0.23137254901960785
0.4794406651549508
0.4217636022514072
0.0981067125645439
-0.05092560251484463
-0.11634223630602082
-0.002119460500963435
0.08280581693755343
0.310126582278481
0.29412559081701545
0.5004591368227732
0.3333333333333333
0.14088541666666674
0.7857943925233645
0.05106382978723404
-0.06617466174661742
0.2502325581395349
0.4707395498392282
0.8704885993485341
0.10569598921469495
