-0.14705882352941177
0.14502247912652533
0.04112903225806452
0.4270588235294117
0.1110313901345291
0.34166666666666656
0.1540322580645161
0.19225806451612912
-0.06739726027397266
0.09132075471698119
0.08705882352941183
-0.03608695652173918
0.0022099447513812993
0.17267904509283827
0.18195121951219517
-0.026934984520123863
-0.09018726591760307
0.11034482758620683
0.24734513274336273
-0.11365079365079368
0.1359165424739196
0.10719257540603246
0.25630066322770817
-0.06996336996336994
0.5259911894273127
0.40239520958083824
0.06718419195483419
-0.1302702702702703
0.06595744680851072
-0.08516129032258057
0.29485294117647054
0.09931439764936346
0.3149917627677101
0.10298850574712651
0.017308832246591608
0.07503607503607504
0.32109374999999996
-0.18148546824542522
-0.11155859846959323
-0.1211937716262976
-0.1754288876591035
0.10660633484162892
-0.019230769230769232
0.2796526054590572
0.09192139737991271
0.13012600229095078
0.2142394822006472
0.10350492880613363
0.32581497797356823
0.3093951093951094
0.6557333333333333
-0.14285714285714285
0.013409415121255317
0.21809815950920253
0.2954074074074074
-0.09596199524940612
-0.08453125000000003
-0.07995457126632592
0.36435643564356446
-0.04756097560975605
0.053132832080200476
0.10597560975609753
0.14125412541254126
0.24732673267326727
-0.06948968512486428
0.08746758859118414
-0.014381270903010071
-0.1898498187467633
-0.07659574468085101
0.11166666666666672
0.03228426395939082
0.12413162705667272
0.035676810073452254
0.13487364620938624
0.034543454345434516
0.1425531914893617
0.02791127541589653
0.25505617977528094
0.08936170212765951
0.3253731343283582
0.23488943488943495
-0.055773420479302796
0.2691358024691358
0.23466666666666675
0.13148371531966224
-0.004857444561774047
-0.09716840536512675
0.3040476190476192
0.14056695992179857
0.13274094326725908
0.1671589921807125
-0.05457184325108857
0.283076923076923
0.22611150317572343
0.2595055413469736
0.20043859649122803
0.31268436578171094
-0.04391143911439106
-0.1925742574257426
-0.059635210150674106
-0.15858877964141124
-0.1281767955801105
0.2231499051233397
0.1886419753086419
0.6819277108433734
0.48726003490401404
0.1448071216617211
0.06600361663652803
0.1061781609195402
0.11259754738015608
-0.31571969696969693
-0.22513328255902515
-0.16842105263157897
-0.08052805280528053
0.12648125755743655
0.13124999999999995
0.1523385300668152
0.10322234156820613
0.34497184231697503
-0.09178743961352658
0.1101171458998936
-0.004977375565610834
0.05934959349593505
0.2222469410456062
0.0874896437448218
0.3230169050715214
0.13076923076923078
0.8459459459459459
0.34070351758793976
-0.008438818565400843
-0.07909090909090906
-0.031030303030303057
-0.04053601340033509
0.013908205841446454
-0.03443223443223435
0.19797160243407713
0.0500999333777482
0.06273291925465835
0.19120310478654587
0.11541218637992827
0.06713780918727916
0.022929936305732448
0.14459259259259263
0.17721518987341772
0.3013477088948787
0.08459152016546014
0.06575171553337499
0.41169590643274856
0.16909871244635183
0.016695957820738138
-0.05078125
0.46666666666666656
0.1556350626118068
0.032156273478587495
0.4535771065182829
0.12156862745098045
0.2975111678366305
0.16689314391599755
0.12378779235596121
0.08390022675736962
0.11999999999999993
0.24098360655737697
0.13794694348327569
-0.39558823529411763
0.034448160535117095
0.1527001862197393
-0.0017621145374449054
0.038607594936708824
0.2907608695652174
0.21098901098901102
0.6598130841121495
0.20605326876513322
0.2672566371681415
0.18855140186915886
0.03955223880597023
-0.03406940063091486
-0.20525502318392574
-0.1408476104598738
0.06756032171581766
0.11209150326797389
0.037422037422037424
-0.2021451104100947
0.2818681318681319
0.08778280542986432
0.010519645120405518
-0.03693304535637154
0.431920199501247
0.06444444444444436
0.3201520912547528
-0.0280851063829787
0.077205040091638
-0.05565438373570515
0.01603773584905663
-0.07010309278350513
0.049102927289896126
0.20769750168804854
0.19601873536299763
0.22169491525423735
-0.09187396351575453
-0.09779735682819378
-0.02480620155038756
-0.040516129032258034
-0.03953201970443353
0.17557603686635942
0.09225857940941733
0.11205673758865256
0.09862258953168047
0.45516587677725123
0.21774193548387097
0.3037037037037038
-0.007295373665480468
0.07633587786259542
0.05267295597484277
0.05297138664710201
0.10962343096234305
0.12769230769230772
0.0728739002932552
0.3381294964028777
0.27797619047619054
0.5979591836734693
-0.027251184834123223
0.06065727699530508
0.059202059202059204
0.04789356984478941
0.1578431372549019
0.30889929742388755
-0.06599113362887907
-0.045754716981132024
-0.1980146290491118
-0.23041182682154177
0.022434367541766056
1.0739130434782609
0.3392
0.23849765258215969
0.1410491257285596
0.17123015873015865
0.08299319727891148
-0.02169390787518577
0.25366695427092323
0.19777777777777786
0.2854741896758703
0.19132947976878603
0.19242636746143063
0.043720930232558165
0.5867298578199053
0.05361445783132533
0.13171912832929777
0.17028670721112077
-0.20483091787439617
0.15508021390374332
0.4794918330308531
0.6622998544395924
0.4122151321786691
0.7046766169154229
1.022857142857143
0.1854037267080745
-0.07960257159555818
0.04590163934426229
0.4547968885047537
0.5679245283018869
0.2746355685131195
0.12398119122257056
0.509271523178808
-0.08351063829787228
0.004487179487179414
-0.08316831683168319
0.08721174004192876
0.15468164794007494
0.12238267148014433
0.07975830815709975
0.10668789808917198
-0.1451669595782074
-0.05277566539923961
-0.26706730769230774
-0.15747663551401864
-0.2828125000000001
0.2678148546824542
0.08108108108108109
0.021137206427688533
0.11844961240310074
0.2817733990147784
-0.12212790039615164
-0.14814143245693562
0.2586138613861387
0.1066771406127258
0.11689944134078219
0.2128900949796472
-0.07533333333333328
0.3281519861830743
0.15601023017902813
-0.1316037735849057
0.21252525252525262
0.3361629881154499
