0.015047619047619004
-0.04161260426320676
0.1667820069204152
0.16454545454545458
0.13333333333333333
0.10236768802228412
-0.0022559652928415695
0.058103727714748823
0.07099296325254101
-0.20949284785435635
-0.3896204492641363
-0.18926553672316385
-0.14748261474269814
-0.24296072507552866
-0.14231843575418993
-0.11167227833894501
-0.06064593301435412
-0.12455357142857146
-0.023192848020434274
0.15567499209611133
0.10174825174825175
0.26319444444444445
0.09081262217257745
0.17264078169195157
0.1742690058479533
0.14609571788413098
-0.11740272141322515
0.08326745718050071
-0.06396917148362233
0.005882352941176517
0.03408097873579959
0.21028446389496722
0.14743049705139005
0.2972361809045225
0.2180305131761443
0.22107127047366096
0.11290824261275276
-0.04954314720812178
0.030409356725146133
0.012052401746724851
0.2266666666666667
0.15676923076923074
0.19290495314591702
-0.22722948870392393
-0.2279035792549306
-0.21739130434782608
-0.16773296244784425
-0.08265486725663725
0.12328159645232813
0.17330827067669183
0.0688607594936708
0.16781249999999998
-0.33472584856396864
0.04627027027027022
0.006899350649350649
-0.047785855915399834
-0.07196804647785034
-0.07981613038027581
-0.15428015564202338
0.020594965675057208
0.05094965330117576
-0.31261261261261264
0.10922787193973635
0.15363724539282259
0.26222732491389217
0.04480208786428882
0.06577095329494559
0.16125654450261787
0.21640378548895892
-0.13100286532951283
-0.028315789473684187
0.15428082191780826
0.16368638239339753
0.19006599513720035
0.17786561264822134
0.1433701657458563
0.8800000000000001
-0.07185978578383637
0.11674757281553404
0.5439024390243902
0.3207013574660634
0.22641509433962265
0.25058717253839213
0.2936355710549259
0.1796098174952801
0.5290178571428571
0.1493708364174685
0.09511926605504581
-0.024834437086092714
0.13047324192835028
0.10176623376623381
0.08613756613756623
0.047119078104993634
0.24448669201520917
-0.19051094890510945
0.035899772209567284
0.09628235294117643
0.08281249999999996
0.033928571428571405
0.008639053254437815
0.1908426073131955
0.31325077399380813
0.05263157894736842
0.039669421487603246
-0.003895274584929699
0.16849999999999996
0.292176386913229
0.23508322663252243
0.18288669487541137
0.28483547925608016
-0.045886442641946766
-0.17733934611048474
-0.02311886586695752
-0.23820943245403678
-0.2723646723646723
-0.04175824175824173
0.20156555772994128
0.20349344978165942
0.11118760757314979
0.32811127379209376
0.1748858447488585
-0.043738489871086556
-0.07612456747404844
0.9232142857142858
-0.1885714285714286
0.12016517549896759
-0.05580147551978541
-0.046168768186226984
-0.0596428571428571
0.11067137809187273
-0.12466367713004489
0.15775401069518716
0.06675191815856783
0.016074766355140158
0.036473429951690874
0.09969325153374232
0.0638263665594856
-0.11762917933130695
0.3226487523992323
0.37688647178789947
0.4054794520547945
0.677432712215321
0.7686182669789228
0.3193923145665774
0.5643122676579926
0.4893964110929853
0.4406896551724138
0.24579158316633262
0.3753119429590017
0.07142001198322351
0.2635520684736091
-0.005232273838630829
0.11907770056854075
-0.1696
-0.24121013900245297
-0.5537128712871286
-0.015515721422274517
0.05298218435321463
-0.05181674565560814
0.02295373665480423
0.013102820746132792
0.03856304985337237
-0.05946902654867257
-0.15106382978723407
0.24395604395604398
-0.008695652173913078
0.41159420289855064
-0.07670405522001733
-0.05302052785923759
0.19717586649550708
0.04264900662251662
0.02564679415073111
0.1784313725490197
0.4069754768392372
0.18867794269934413
0.36915544675642586
0.3384194528875379
0.42688524590163923
0.3756380510440835
0.27722007722007713
0.1350154191197084
-0.14010955569080952
0.1684580070213341
0.24126455906821964
0.33910788381742746
0.15841584158415842
0.4987500000000001
0.39835329341317366
0.6299625468164793
0.19162956366874448
0.17588577472236908
0.25106154259607627
0.2569251456745853
0.2557377049180328
0.20142348754448394
0.10073260073260074
0.07328136073706598
0.21710794297352345
0.14205128205128198
0.08464088397790058
0.2974424552429668
0.18808664259927807
0.09897959183673473
0.10054891830804007
-0.223082542001461
-0.09352972119936873
-0.05621890547263682
0.01689664883131512
-0.10355555555555553
0.11869918699186988
-0.09093904448105444
0.002393162393162354
-0.18178368121442126
-0.16985934360348287
-0.132094175960347
-0.010104011887072741
0.1207890743550835
0.1102216748768473
0.13640429338103757
0.08755832037325031
0.047872340425531915
0.08171428571428578
0.3068387096774193
0.003153153153153102
-0.034055727554179564
0.03445867287543662
0.0659606656580938
0.01633746233679283
-0.22765196662693682
-0.10152054351342614
0.13131313131313133
0.12127791563275435
0.5540381282495666
-0.01582491582491585
0.004997397188964033
0.05436893203883498
-0.06660761736049606
0.3973118279569891
0.27438016528925613
0.46526684164479437
0.3536458333333332
-0.07263157894736848
0.3169253510716925
0.3000000000000001
0.19081693500298152
0.0480225988700565
0.27173601147776183
0.16993847055376501
0.41212777476989704
0.37709874557735595
0.22889688249400492
0.37585892368501056
0.34640675007273797
0.41258457374830865
0.4674785100286532
0.18217179902755268
0.34651442307692304
