0.09000916590284147
0.46763157894736856
0.5736641221374046
0.3164594001463057
0.2634812286689419
0.7294117647058825
0.6675461741424802
0.20242669362992927
0.7059523809523811
0.8049281314168378
0.9423280423280425
0.613929040735874
1.161764705882353
0.5938009787928222
-0.10238726790450935
-0.4111553784860558
-0.11830065359477121
-0.34945533769063175
-0.18413284132841334
-0.34442649434571887
-0.17773620205799812
-0.16650246305418726
-0.16718266253869968
0.05585585585585588
0.368452380952381
-0.008520900321543335
0.21650793650793648
0.42256410256410243
1.435135135135135
0.41227197346600336
-0.20265095729013258
-0.04677716390423568
-0.08854961832061077
-0.05808257522743177
-0.014022140221402257
-0.001968205904617645
-0.028982725527831137
0.029683698296836956
-0.06115035317860749
-0.10248262164846082
-0.10108695652173916
0.12481927710843377
0.1276688453159042
0.013942857142857194
0.007894736842105291
-0.04415584415584423
0.4936936936936938
-0.03172169811320752
0.23479729729729729
0.054770318021201414
-0.20701754385964907
-0.047670250896057385
-0.2763513513513514
0.07775246772968876
-0.07365591397849457
-0.007017543859649076
-0.13333333333333333
0.10567210567210568
-0.19801980198019803
0.01952662721893498
-0.047619047619047616
0.08753623188405794
0.07249190938511332
0.13961389961389958
0.05386666666666664
0.13552000000000008
-0.0045908183632734755
-0.06949152542372877
0.003341687552213868
-0.028391959798995003
-0.1226957383548067
-0.07300699300699307
-0.2295264623955431
-0.2201474201474202
0.07209302325581388
-0.21611374407582937
0.019047619047619074
-0.017910447761194073
-0.07784810126582285
0.12099056603773588
0.44248861911987863
0.146987951807229
0.7493069306930693
0.36048526863084923
0.3869257950530035
0.5006060606060606
0.7349794238683128
0.21043350477590014
2.846511627906977
0.2832976445396145
4.1288888888888895
0.2868217054263566
0.3801587301587302
0.0575848303393214
0.4332730560578662
0.512536443148688
0.5134959349593495
0.6051779935275081
0.10054945054945061
0.25101449275362325
-0.22687898089171976
-0.043835616438356186
-0.021677215189873488
0.03206854345165244
-0.06236559139784943
-0.17870722433460076
0.08992805755395683
-0.15975975975975973
-0.16455026455026453
0.09513513513513511
0.07195767195767187
-0.06373205741626796
0.15524475524475517
0.09216867469879525
-0.08874598070739545
-0.06494845360824734
-0.37037037037037035
-0.025670775924583097
-0.08666666666666671
-0.1488065843621399
-0.09892473118279572
-0.08457583547557834
-0.17931034482758623
-0.10498614958448747
-0.09106529209621993
0.08578767123287676
0.35798090040927694
0.46444444444444455
0.44654088050314467
0.44304461942257206
-0.029604130808950163
0.16038834951456316
0.012290502793296026
0.1691836734693877
-0.1802197802197802
-0.1392931392931393
-0.10020394289598919
0.03136246786632388
-0.1503054989816701
0.007608695652173944
0.023798627002288276
-0.07152466367713
-0.07368881118881115
-0.27737704918032785
-0.055820895522388024
0.018590998043052837
0.015278969957081506
-0.053618421052631614
-0.3888
0.0955445544554455
5.419512195121951
0.5661375661375662
0.08750000000000008
0.12058212058212059
0.31101321585903074
0.021791767554479417
0.7932270916334663
-0.15774647887323942
0.055384615384615296
0.2127167630057803
-0.11403508771929824
0.28743362831858404
0.008024691358024761
-0.1190118152524167
0.15320121951219512
4.88
0.2603550295857988
-0.3785
-0.1312905126694166
-0.14835164835164835
0.6041666666666666
