-0.02224669603524234
-0.02635032811711263
-0.07547093376544467
-0.03506408149852114
-0.036739811912225646
-0.09835249042145587
-0.0563832733314871
-0.08987144526684838
-0.06572115384615387
-0.0807493146512336
-0.10713324360699862
-0.09868020304568532
-0.03560830860534125
-0.04365271532341744
-0.15800915331807783
0.07526881720430108
-0.035546038543897214
-0.16350989834135896
-0.2347357065803668
-0.09821538461538457
-0.18336842105263162
-0.12166666666666663
-0.07760082730093068
-0.08494427558257342
-0.06459158649311444
-0.017384213959556485
-0.08305756233978095
-0.06395900550389068
-0.07261384903306296
-0.004869339392955689
-0.15699373695198326
-0.02684703433922992
-0.0994239631336405
-0.014601769911504392
-0.08033088235294115
-0.006691449814126346
-0.061021021021020964
-0.12543209876543213
0.0478008298755186
-0.10343814281516309
-0.12543999999999997
0.48571428571428577
-0.09115281501340483
0.04372574385511003
0.03711271143862006
-0.012830340932015405
0.040306928458587306
0.002486016159105034
0.03878015475648604
0.038081603435934176
0.01296468401486993
0.0016799836099159636
0.06947540092416415
0.042031249999999964
0.044607508532423144
0.04541607898448519
0.08589196872778956
0.04200557103064072
0.1617726051924799
-0.10622119815668209
0.06083188908145584
0.041089596324253304
0.045366795366795366
-0.06287978863936595
0.12916666666666674
0.03245305164319246
0.016661112962345886
0.047978067169294036
0.017305944373750194
0.01312232113419063
-0.058358531317494564
-0.08431906614785985
-0.08240260986374968
-0.09283063098261375
0.0012804983561169124
-0.016203389830508536
0.00013029315960915014
0.004383382401046808
0.011254806011883892
0.008507144030218456
-0.0761978361669242
-0.11821771009588264
0.02224239673172946
-0.09707013909440664
-0.11468531468531469
0.05002190100744626
0.030638297872340424
0.011673375503162711
-0.09335918565196312
-0.013214990138067038
-0.1593625498007968
-0.0684227642276423
0.017592933382407132
0.06231786594933871
0.0699932264619553
0.06961706030726905
0.046125714285714325
0.13690476190476192
0.05836644591611471
0.1230808861411644
0.1307602339181287
0.049791985986424266
0.12009803921568628
0.13629774730656222
0.10024793388429748
0.10100401606425703
0.17661483253588514
0.09842247018083886
0.16834804539722573
0.32735326688815053
0.22234762979683972
0.1756128221244501
0.03639143730886843
0.20317679558011054
0.22085274095306345
0.1295816364309515
0.09131513647642683
0.13314447592067988
-6.702412868626613e-05
0.7166666666666668
0.0524633821571238
-0.02865329512893983
0.01871775976418577
0.24054982817869416
-0.022385321100917514
-0.11214814814814822
-0.06861781670583204
-0.058200263009581095
-0.026968784661701762
-0.08660936007640872
-0.07640656705404904
-0.027156956383317474
-0.058856209150326765
-0.052040816326530584
0.014482758620689632
-0.06171097847712061
-0.0863237639553429
-0.031125338586555057
-0.0725250626566416
-0.03694792353328936
-0.03289760348583883
-0.03865760407816483
-0.06379955123410617
0.010857142857142904
-0.07326926848401655
-0.014994968131499435
-0.015617128463476104
-0.0035680152914940484
-0.06229179209311652
-0.06286319612590793
-0.046223877508793636
-0.07085253456221198
-0.0008370389746272085
-0.04828129927467673
-0.04947938359017084
-0.01778630838131795
0.01594746716697936
0.011473272490221583
-0.04792597319719203
-0.10519031141868518
-0.037449118046133004
0.04965831435079734
-0.03211111111111108
-0.07414330218068534
-0.054915981408652094
-0.1059273422562141
-0.13058375634517763
-0.11831332717759313
-0.10625482625482618
-0.1256940342587123
-0.13497757847533626
-0.013288540500186604
-0.20477386934673367
0.0012401818933443572
-0.05413166335726281
-0.05424702503077547
-0.04731234866828089
-0.05430130088124217
-0.061299709020368576
-0.05191417753470765
0.03320371935756545
-0.09193580344759263
-0.02199295420231507
-0.01134801762114531
-0.04865822784810122
0.008330261702911871
-0.05165118679050563
0.17155756207674944
0.04738574040219375
-0.10208333333333339
0.01805259417199722
-0.07415730337078645
0.05492260061919507
-0.048571428571428654
0.12727272727272723
0.11917140536149476
0.15416466056812703
0.07503819126183926
-0.03062818336162982
0.1135632183908046
-0.045088666152659926
-0.01239959839357432
-0.06925819046002377
-0.10206003531489108
-0.06115827774408727
0.03586129123202701
-0.053862847222222184
-0.0005208333333333037
-0.026038304282332687
0.042780141843971685
0.0030871526953217764
0.023531753931913164
0.02811306340718102
0.023245109321058652
0.043361172660644216
-0.004492477219749908
0.02390873015873022
0.04446781657551528
0.0350325923449775
0.04281323449647445
0.030275438197131802
-0.005319148936170213
0.07216666666666671
0.15726027397260278
0.08366089762393658
0.041045751633986896
0.018414322250639357
-0.06739130434782613
0.06756032171581766
-0.2322766570605188
-0.36023391812865496
-0.47068493150684937
0.030505569837189297
-0.0404819277108434
0.014672835426305384
-0.03626230726360762
-0.04079925650557615
-0.020512820512820537
-0.06594967532467533
-0.06641206797784995
-0.015085508550855118
-0.03180112570356467
0.021982645280042047
-0.03841614906832293
0.045025245025245
-0.09916864608076009
-0.10917378917378912
-0.09543094496365521
-0.038727272727272784
-0.18365937859608747
-0.797
0.05827067669172932
-0.2741144414168938
-0.056927426955702146
-0.07543252595155704
0.06604756511891288
0.19658730158730162
0.05612917898567209
0.1279781420765028
0.1798861480075901
0.19220281210055387
0.16671356783919591
0.1587365345992331
0.20216322517207463
0.0642032332563511
0.04593760713061364
0.07018800358102067
0.17302052785923755
0.03639652677279302
0.07981721249047978
0.024005534417156724
0.04235127478753538
-0.1031390134529148
0.020789473684210465
0.24141465914915428
0.10543735224586294
0.1675405742821474
0.13298398835516745
-0.32226720647773277
0.07087850467289716
0.0874603174603175
0.06386554621848739
-0.03877376263058737
-0.053196261682243055
-0.10754278470314811
-0.013136233831681474
-0.025199362041467305
-0.08446472713443617
-0.022866779089376114
-0.05742463714179389
-0.04855769230769238
-0.029129908320359735
-0.04237091150589404
-0.049295207410390694
-0.09937773680571556
0.02706306306306303
0.01892573201473732
-0.001238390092879257
0.039756228714823476
0.03804347826086957
