-0.19435265845599278
0.11361502347417834
0.26
-0.08303943571657582
-0.17913406364110593
-0.12351529694061193
0.18448664306404886
0.07897943640517902
-0.14010115606936424
-0.07857338820301786
-0.18324250681198911
-0.18643410852713171
1.1852080123266564
0.17127403846153846
0.3283018867924529
0.1063059313215401
0.0018981880931838184
-0.09806114839671887
0.25684210526315787
0.3987132352941176
-0.15647058823529414
0.3103448275862069
0.2045105074320861
0.5639079029247043
0.505249343832021
0.5183232772308669
0.35775678146906437
0.4845010615711254
1.235897435897436
-0.008758076094759544
-0.04905183312262953
0.16257175660160741
0.298411625549172
0.00702925584135091
0.5225352112676056
0.009276177090653634
-0.011459754433833529
-0.38787210584343984
-0.1610955617752899
-0.1570252707581227
0.38886474741988053
0.369459868753155
0.8787456445993033
0.5664921465968585
0.04967405475880055
0.0727134146341464
0.2210718002081166
0.14847708511243948
0.0464367816091954
0.22890204520990323
-0.24715117751329452
0.15541795665634672
0.001754385964912347
0.07557603686635951
0.1850487540628386
0.10246913580246922
0.4927710843373494
-0.04317032040472179
-0.0450796243364639
-0.003929866989117291
-0.004574565416285453
0.04787812840043525
0.3014573991031391
0.00926459042135569
-0.10909975669099758
0.23723642889187985
0.20274473924977118
-0.04602649006622509
-0.1017667844522968
0.053772986683576385
0.08036845135290725
0.11794871794871795
0.02773981270564412
0.32543689320388347
0.303672612801679
0.1884383088869716
-0.2688461538461539
0.012207792207792178
0.2033451596553471
0.084561403508772
-0.11490003772161445
0.09762237762237756
0.1368360936607652
0.36929848693259965
0.6705128205128207
0.23299530051941628
0.8512476007677543
0.4740097666847531
-0.2138698630136986
0.19473684210526307
-0.1861723446893788
0.2157702349869451
0.028778583379810322
-0.05336198956094571
0.4754639175257732
0.1492551892551892
0.11522316043425823
-0.12675030352084168
-0.15700510493477024
-0.24607268464243842
0.18678544914625098
-0.18634992458521862
0.2873249299719888
0.7370833333333332
0.528331059572533
-0.03292913982569159
0.08204357625845232
0.27041522491349473
0.3155555555555556
0.4864077669902913
-0.06690140845070422
0.49722470904207705
0.2625996533795494
0.04122490993309311
1.413953488372093
0.21246730601569316
1.3556338028169015
0.23732928679817902
0.13440860215053763
0.8789855072463769
0.02584861901749955
0.23862068965517239
-0.12982165076731647
-0.15135135135135136
-0.07856704196519963
-0.02723385100157551
0.23218568665377168
-0.033264887063655
0.7311475409836067
0.4130246020260492
0.5405405405405406
-0.04181951577402788
0.2339597315436241
0.2475920679886686
0.20800432666306107
-0.02510405257393217
0.019663299663299695
0.0014687882496940024
-0.07657417289220918
-0.11820563195808775
-0.17135430205354818
0.1571313456889605
0.022891566265060163
0.21889763779527568
0.22137931034482755
0.08778026905829592
0.11227272727272722
0.16110315186246424
0.07094841930116466
-0.22369129524379305
-0.4325153374233129
-0.12796934865900386
-0.18523293290360382
-0.1011142669871095
-0.053822420294823446
0.006026058631921898
0.308284023668639
0.19053384700055026
0.14444444444444438
0.09259440902403147
-0.0011006289308176816
-0.2491173416407061
0.07169511710996423
-0.053250773993808016
0.21286307053941914
0.08973162193698947
0.28182263596276325
0.2998989388580091
0.22304147465437776
0.4151408450704225
-0.11154697880417587
-0.19613682092555335
0.033576642335766384
-0.18823529411764708
0.1478260869565218
0.013853503184713328
0.04232450501414243
0.22975567190226873
0.27241379310344827
-0.14858666666666662
0.225374449339207
0.23484224965706454
0.06312625250501001
1.4266666666666667
0.13647586980920318
0.35979381443298974
0.32401746724890823
-0.2563636363636364
0.016077953714981785
0.04148264984227122
0.07302631578947373
-0.1471014492753623
-0.016392625809666213
-0.14825918762088972
0.1771664374140302
0.00465116279069774
-0.21709844559585495
0.2101016949152543
0.20196078431372544
0.3028089887640449
0.058454475899005424
0.44441321152494734
-0.005282555282555227
0.17990155865463492
0.02542975696502673
-0.08984111699566678
0.13601108033240994
-0.10987738419618526
0.17693315858453473
-0.2939776951672862
0.12067325283571174
0.17913367489520257
-0.07913217242363683
0.18339130434782616
0.02800169707254985
0.5458823529411764
-0.09689277899343549
0.37651376146789
-0.2314176245210728
0.0327125506072874
0.10352595494613129
0.2197663971248876
0.15956072351421188
0.20922825643119644
0.25564516129032266
0.2329896907216495
0.05925487876995863
-0.1664458116422149
0.024205675479020174
0.26358543417366953
0.16418511066398384
0.2879555709822978
-0.4143015521064302
0.1548966756513926
0.2497646689676812
0.6989536621823615
0.7192956713132796
-0.07323943661971828
0.16304526748971185
-0.0843367474394204
-0.22216216216216214
-0.19934469200524244
0.20210392094357665
0.3533873921004447
-0.4142050040355125
0.09440389294403896
0.085200845665962
-0.30162345529440276
0.1256202531645569
0.19637931034482756
