0.3497646267652992
0.1701317715959005
-0.13751537515375148
0.0061864781263809105
0.038436482084690485
0.16419709322935122
0.20689655172413793
0.20430769230769225
0.3577675968346522
0.2814196242171189
0.14463645255950436
0.4689075630252102
-0.07563486616334938
-0.07966982574136347
0.052006633499170875
0.6186234817813766
0.08087227414330216
0.004831320283215289
0.09652333028362306
-0.5116161616161616
0.2962524654832348
0.18488593155893537
0.08408759124087595
0.02304185661002897
0.0012507106310403898
0.2074509803921568
-0.1951534733441034
-0.18958652373660023
0.015981198589894312
-0.19277552524880207
0.22961240310077524
0.5960820895522388
0.5167898627243929
0.024866896335734447
0.5611475409836065
0.6712328767123288
0.980246913580247
0.001209271078266681
0.08787401574803154
0.744516129032258
0.7157676348547718
0.25328665888759233
0.5417637271214643
0.06521917247029899
-0.01404011461318045
0.0945945945945946
0.04725024406117794
-0.14974874371859292
0.17654668166479195
0.08494568028970503
-0.003550640279394592
-0.005479452054794521
0.028792860497886416
0.40591630591630584
0.5065963060686016
0.5215686274509803
0.8631578947368421
0.1244192049561177
0.913064713064713
0.31294033069734
0.27307236061684464
0.15814814814814818
0.4678881388621023
-0.09261047159301897
-0.098840579710145
0.18669201520912557
0.28191721132897596
0.07734729493891794
0.042449219899911635
-0.0957683741648107
-0.21703360370799532
-0.034353741496598714
-0.04499437570303712
-0.01781582600647848
-0.04876957494407166
-0.05445495271279248
0.10888733379985997
-0.019201850780798176
0.26277469478357385
0.6178343949044586
0.08119940029985014
0.10689808633733859
0.19244186046511633
-0.12076583210603829
0.055518994914747204
0.02549212598425206
0.01621936989498247
0.863783783783784
0.2610849056603773
0.2297949886104784
-0.07783624500105245
0.5124579124579124
0.1663653793481237
0.2965625985493534
-0.04477028347996086
0.22157107231920206
-0.222
-0.21068447412353922
-0.162291169451074
-0.29450934579439253
0.03794972893050764
-0.1362968689601855
0.008228228228228256
-0.011111111111111138
0.21564792176039113
0.4624248496993988
0.16780045351473924
0.04987495534119325
0.17898550724637682
0.08416289592760187
0.03148148148148153
0.5111989459815547
0.4044496487119439
2.126153846153846
0.10617375231053598
0.3692589204025617
-0.12486725663716816
0.5561497326203209
-0.23149558330795006
0.20982620320855622
-0.0014657980456025687
0.19163398692810465
-0.1937677053824362
-0.30636942675159234
0.4157786885245901
0.06173129651390517
-0.030842607313195512
0.045614035087719336
0.002369668246445498
0.058273776800439804
-0.1333068046159968
-0.007344096232985064
0.08505603985056034
1.2312757201646092
2.4134517766497465
1.3682089552238808
-0.04386989157631352
-0.06724565756823828
0.5935483870967742
0.2651340996168582
0.5689008042895444
-0.05787213740458013
-0.05255555555555551
-0.04342818428184276
-0.151990898748578
-0.09468760441029071
0.4977528089887642
-0.0424314660309893
-0.10633693972179294
0.07523734177215183
0.016268560361523594
0.1556615017878427
-0.03255184851217305
0.16454159077109898
0.2096014492753624
0.02133757961783436
0.24660194174757277
0.1774349933891582
0.16810677906568314
-0.0675721561969439
0.05425101214574899
0.09164531009738605
0.14495798319327732
0.42407766990291257
0.054140127388535034
-0.07814492753623185
0.03511673151750964
-0.17978260869565216
-0.15143741707209205
-0.15718778077268647
0.02884431709646614
0.13684210526315793
0.5780320366132724
-0.1327247832040164
0.24976873265494912
0.15170517051705182
-0.13282706247842602
0.22041998551774084
0.20759659462999344
0.2952505446623093
0.2354618015963512
0.41724834150562456
0.13803191489361707
0.2445446348061317
0.6512261580381471
0.3899159663865547
-0.14583783783783782
0.27057101024890184
0.34432508173750576
0.40464426877470355
0.33323720259552997
0.22330383480825955
0.18036154478225144
0.05221112696148368
0.03222165212929705
0.07684529828109202
0.23774038461538455
0.22128851540616246
0.12463476070528971
0.30176630434782614
0.336321483771252
0.017008037334716078
-0.14123957091775924
-0.04198347107438013
0.003150912106135949
0.07724377533294736
0.03327433628318589
0.09330794341675734
0.056066044508255496
-0.034354100668778566
0.1372233400402414
-0.08269525267993874
0.0016443987667009872
0.03598274799753549
-0.01540808543096876
0.04729281767955804
-0.0012658227848101604
-0.005128205128205045
-0.02535031847133755
-0.1310798122065728
-0.04349863334634912
0.13957636566332224
0.34390243902439027
-0.09816807211398659
-0.14351893095768375
0.3654941373534338
-0.10015151515151519
0.1862890247827487
0.5216396568160153
0.43743910925539314
0.5825622775800711
-0.2800618238021638
-0.18240506329113926
0.21522222222222226
0.07735470941883764
0.0629927594529364
0.021420118343195294
0.19176470588235295
-0.07134502923976602
0.11727272727272728
0.06762589928057554
0.1654700854700854
0.25180985608373313
0.012882331774019496
0.18635371179039306
0.5294623655913979
0.4983108108108108
0.2715606936416186
0.3789431545236189
0.49728867623604456
0.3257516339869282
0.05661108956960062
0.23548983364140483
0.15418875927889722
0.07162066525123853
0.020746319753509043
0.3149946062567422
0.2489882854100106
0.43136482939632553
0.1429898879475266
0.14316163410301952
0.08234989648033121
0.5494037478705281
-0.44525420030547674
0.41383042693926625
0.33723809523809517
0.03644859813084118
-0.0692906178489703
0.8265989847715737
0.12887228260869568
0.17490494296577946
0.16100443131462333
-0.03810829335161063
0.3747116616830414
-0.1231647634584013
