0.12896244430299167
0.209433962264151
-0.03897605284888526
0.21291889266634292
0.22900494001411434
0.27142857142857135
0.18176943699731907
0.07769633507853407
0.3076296296296296
0.008219178082191704
0.3241360978203083
0.2678733031674208
-0.08216794914687184
0.09384288747346081
0.13170731707317063
-0.07269540834209608
0.005378430828943746
-0.05883137080648749
0.0785159187766357
0.3175919732441471
0.18997271487039563
0.03849372384937234
0.20705970709725877
0.1562210726926219
-0.18016119032858022
-0.045576407506702415
0.04375000000000008
0.040473627556512404
0.12545454545454537
0.3640816326530612
-0.18468005604857549
-0.050636802810715933
0.04000000000000003
-0.05228013029315964
0.2372799028536733
0.11249999999999995
0.044915254237288114
0.3132596685082874
-0.07914046121593292
0.24862186435428932
0.0472477064220184
0.08062015503875966
0.05029940119760475
0.3448574521833273
0.3586984536082473
0.4728707935189031
0.3150858175248419
0.34910065059318784
0.014550641940085656
-0.012170385395537525
0.04999999999999996
-0.04068085106382975
0.13341740226986123
-0.20854700854700858
-0.11325301204819284
-0.1142638036809816
0.18095952023988013
-0.03179680150517399
0.18902439024390244
0.1192378936226516
-0.03492625368731566
-0.10733695652173914
0.031172686788718457
-0.10239999999999994
-0.04876201572968252
0.010653138871274543
0.12310143388210312
0.09938990571270108
0.04916454262248652
0.024751897256275593
-0.05816326530612248
0.12435677530017153
0.2864864864864864
0.10837178642056697
0.08671586715867159
0.12022973835354185
0.018345864661654204
0.13308789691670495
0.0932120818447548
-0.09752774974772954
-0.00551488530990725
-0.014561525936264332
-0.07805746249682176
-0.07489384288747342
0.014737310774710556
0.06580441640378545
0.04115250291036091
0.30471204188481665
0.05068322981366454
0.02917146144994249
-0.017411924119241223
-0.12077789150460594
0.059866220735785874
0.012896174863387929
-0.3664383561643836
0.2650485436893205
-0.07672007540056548
0.05086705202312145
0.014917127071823142
0.3072033898305085
0.12140992167101827
-0.07933884297520664
-0.11032258064516125
-0.01428571428571435
0.03759177679882529
-0.032105263157894706
0.12437275985663085
0.19907993099482452
0.058541089566020395
-0.08526930564568468
-0.01361058601134224
0.0011764705882352272
0.05839736553238205
0.09510086455331412
-0.008805031446540917
-0.07203065134099614
0.06163215590742999
0.10375161707632606
0.13336508692545845
0.07223113964686999
-0.08480000000000003
-0.09274809160305347
-0.10086289549376802
0.005177993527508041
-0.07756232686980609
0.20591397849462373
0.22262773722627738
0.378960396039604
0.37846906675987424
0.45475504322766563
0.43017832647462284
0.5279230769230769
0.5666532095276544
-0.1243379571248424
-0.3192494788047255
-0.31789608723540724
-0.15942857142857145
-0.026241900647948114
-0.020025673940950013
-0.04970078740157486
-0.12298850574712647
0.0032075471698114065
-0.011377579475739035
-0.2134988713318285
-0.20046047582501916
-0.1935027624309392
-0.12815954910036848
-0.20983763132760272
-0.3962982548915918
-0.21597733711048162
-0.15318382058470165
0.026528803545051754
-0.03874488403819918
0.02879417879417884
0.034835956255001306
0.0188157499248572
0.009913453973249338
0.07906626506024096
0.074133527909522
-0.23867924528301884
0.0868686868686869
0.06266036461850098
-0.01791713325867861
-0.001710863986313088
0.12573685809784266
0.0717995722578674
0.12218885552218879
0.17050691244239632
0.1124668435013263
0.11844594594594592
0.21013587954461985
0.18150289017341034
0.11558752997601916
-0.0838487972508591
-0.03849056603773588
-0.09632224168126094
-0.09067164179104482
-0.01338432122370937
0.0015021459227467567
-0.13072625698324025
0.17142857142857137
0.132238065716057
-0.09199255121042826
0.049602824360105886
0.03643025386024596
0.05127719962157053
-0.026692456479690544
0.04068479355488428
0.0122641509433962
0.13052631578947363
0.011461318051575931
0.045714285714285666
-0.006589785831960461
-0.0019922879177377306
-0.08399029714978776
-0.06722689075630252
-0.15740162398500937
-0.059821428571428595
-0.11270627062706264
-0.11388684790595151
-0.035245676640131784
-0.01634512325830654
-0.013628808864265877
0.00449854458851548
-0.16013344453711426
-0.07647959183673474
-0.05617571059431527
0.06002877697841724
0.012969634585692252
0.008365243004418288
0.012012349143979844
0.005526512322628896
0.02928981032201151
0.0984940554821665
0.045159420289855125
0.09958208955223878
-0.09650238473767893
0.004070305272895411
-0.04456928838951313
-0.23308026030368761
-0.06429277942631058
-0.5502222222222222
-0.08874734607218686
-0.11246648793565686
-0.15011676786548347
-0.19099395936298735
-0.23198414944806112
0.27526236881559224
0.2156521739130436
0.25898305084745754
0.34860681114551084
0.3450508788159112
0.18990598713508172
0.3091735537190082
-0.13368237347294942
-0.2055112400290066
-0.03378016085790891
-0.059473684210526276
-0.3550561797752809
-0.05355932203389834
0.2205035971223022
0.040358271865121136
0.05222191553960801
0.23173352435530087
0.10960809102402029
0.32102564102564113
0.22876142975893604
0.20149925037481256
0.2411452810180275
0.22905347440663426
-0.06242686339353856
-0.04587833996588973
0.014775110696807186
-0.06066176470588235
0.039193624003750545
0.1613138686131387
-0.1037593984962406
-0.2772161172161172
-0.10358126721763092
-0.1870099473376243
-0.12466367713004489
-0.25492085340674475
0.08274302938960057
0.09834437086092711
-0.09094412331406548
-0.17584905660377356
0.05843621399176958
-0.04376590330788801
0.09723756906077342
0.10837138508371393
0.06347197106690781
0.10464792652379627
0.16131774707757698
0.027244258872651382
0.1915808329601434
0.055676715843489384
0.023163648787154146
0.07889908256880729
-0.1714756122658983
-0.1289988033506183
-0.1525070955534532
-0.19570834245675503
-0.1558708414872798
