-0.049264705882352856
-0.07522935779816517
0.09999999999999994
0.01660079051383395
0.13982300884955745
0.12400000000000005
0.01660079051383395
0.48192000000000007
0.17969451931716082
0.10084575110753125
0.18186397984886646
0.17249999999999996
0.20910871694417238
0.17270386266094426
0.04536616979909268
0.024156479217603957
0.526607989167231
0.20036231884057976
0.17348927875243664
0.016330858960763497
-0.01787365177195689
-0.01608775137111509
0.17288135593220344
0.10526315789473684
0.20752961082910318
0.8479956068094453
-0.08749259039715467
0.03233908948194666
-0.03506969919295668
0.0896613190730837
-0.002780996523754319
-0.06682027649769585
0.7659016393442624
0.05997295469912106
0.13229608675153226
0.08808290155440414
0.08352561144439317
0.09200000000000003
-0.05156723963599596
0.3106267029972752
-0.22931937172774874
0.004148278905560499
-0.05802721088435371
0.19309994926433277
-0.1466956521739131
-0.13249351611708038
-0.27056910569105685
-0.3136726546906187
0.14239302694136297
0.39514824797843673
0.3875739644970414
-0.0847020933977456
0.18280616382806172
0.0789266547406082
0.19976428992339423
-0.04863097670617082
0.2213962832747364
0.1759581881533101
0.05970149253731343
0.13025048169556844
0.174492099322799
0.1523560209424083
0.26397482957524915
0.06321839080459771
0.15498771498771502
0.15439814814814812
0.024263674614305685
-0.14017241379310347
-0.15159010600706715
0.07328358208955227
0.007968476357267872
0.16297989031078605
0.23591293833131805
0.056753688989784334
0.16125721616420788
0.09044862518089725
0.15125195618153361
0.4740740740740741
0.1755983654407472
0.14576271186440667
0.05090909090909091
-0.027272727272727303
-0.043123336291038074
0.006769016050244275
0.18651026392961884
0.24358974358974358
0.02951653944020362
0.17647058823529413
0.5456395348837211
0.08687150837988833
0.00032786885245909093
0.22143489813994685
0.1575150300601203
-0.10032650638171564
-0.19937279498235982
-0.1554811715481171
0.024884464984002843
-0.18260869565217394
-0.09607525137852735
0.080089485458613
0.19609756097560976
0.021707569996543444
0.09412773253321899
0.14565217391304344
0.18695652173913052
-0.0790471560525036
0.052501924557351844
0.1522812892423609
0.2732297063903281
0.33755274261603374
-0.24375000000000002
0.24425531914893614
0.12772323515661516
-0.04430379746835443
0.22937181663837017
0.32202666666666674
0.14518828451882845
0.34198369565217396
0.387227572225038
-0.12399999999999996
0.2756064690026954
0.012587412587412588
0.08747193533902119
0.34588235294117636
0.5814252336448599
0.33095238095238083
-0.05895196506550218
0.16923076923076927
-0.0444444444444444
-0.09873331051009931
-0.08085106382978717
0.1554119547657513
0.1046898638426627
-0.07065784893839193
-0.055299539170506916
0.10458135860979458
0.1018734535171438
0.012182741116751347
-0.01830394626364396
-0.03667089142374321
-0.07309782608695646
-0.1386934673366834
0.3398373983739837
-0.2319556171983356
0.06758859118409684
0.06517943743937929
0.03851056692385112
0.10116788321167877
0.002646502835538709
0.032826747720364716
0.28542049210429665
0.1771916214119473
-0.10611488573193327
0.22913752913752902
0.3129032258064517
0.220952380952381
0.576
0.30200445434298445
-0.10554245283018868
0.5750140056022409
-0.006545454545454587
-0.010924369747899136
0.23007789095266626
-0.605080831408776
-0.12267558528428099
0.8087499999999999
-0.5159500693481276
-0.20537375129176708
0.3202649006622516
-0.3795425667090216
0.12206615314907118
-0.11897464474784063
0.12696517412935315
-0.18333333333333332
0.4226415094339624
-0.39667128987517336
-0.0004672897196261417
0.1910512913786831
0.04216867469879518
-0.014050493962678325
0.32360742705570295
-0.04345854922279787
0.05196169292554829
0.15644987423643553
-0.31711711711711715
0.07531261164701686
-0.0023908523908523437
-0.15968503937007875
-0.06944701884460926
0.05116772823779198
-0.12864044168392
0.46492146596858647
-0.008823529411764622
0.1709660010793309
0.13773584905660385
0.3827586206896552
0.16051966798989542
0.017931497649429178
-0.11699631243714381
0.3547723935389134
0.15810397553516817
0.434703196347032
0.04078624078624079
0.018292682926829267
0.30062305295950154
0.2092592592592592
0.018556701030927877
0.03228900255754476
0.0402258905299739
-0.07810810810810805
-0.16688741721854305
0.05226899945325309
0.5253731343283583
0.013798332069749845
0.23983478659935747
0.15467289719626162
-0.08027888446215145
0.1245174537987679
-0.1459227467811159
0.0005012531328320517
0.1285067873303168
0.13935882580146783
0.4752411575562701
0.20201454952434247
0.11105990783410136
0.10598139122729279
0.17539432176656158
0.19972144846796655
0.3042086544161232
0.3784135240572172
0.30938337801608573
0.34375
0.24509803921568626
0.6089869281045752
-0.46783715012722643
-0.7239934264585045
0.019207405264680386
1.4592833876221498
0.274766355140187
0.03661538461538466
0.06081026875250698
0.03122923588039872
0.025566343042071123
0.01019108280254777
-0.034474123539232016
0.07639627659574474
0.05698592516306213
-0.11060433295324971
-0.221001221001221
0.33582677165354335
-0.18881987577639756
0.10071492403932086
0.47032457496136004
0.15521126760563386
0.14426229508196725
0.30476772616136916
0.05500450856627592
0.10599692465402367
0.023157894736842186
0.0766467065868263
0.5480000000000002
0.30078431372549014
0.29386920980926434
0.3244274809160305
-0.38744154976619904
-0.07755581668625147
0.12612612612612611
-0.07248510339992996
0.0897297297297297
0.00995184590690216
-0.4624413145539906
-0.0432937181663837
0.2682139253279515
0.04716981132075472
0.27007299270072993
0.33378995433789965
0.19856000000000004
0.6727272727272726
0.4788530465949822
-0.06194130925507892
0.38987951807228904
0.00800821355236135
0.26758045292014304
0.4350404312668463
0.7767817781043349
0.09367088607594933
-0.30000000000000004
-0.02375915378356391
-0.07430025445292618
0.07777777777777786
-0.06392405063291136
-0.3883040935672515
-0.08053571428571432
