-0.24697247706422024
-0.10574214517876492
0.09215870040612309
-0.1721859114015976
0.6754929577464788
-0.0117096018735363
0.16923076923076916
0.9428571428571427
1.1092198581560282
0.34571805006587614
0.7312396694214878
-0.16614699331848548
-0.0072992700729927005
-0.07573872472783832
-0.06062874251497006
-0.2574209245742093
-0.3281730769230769
-0.3248241729617088
0.3617363344051447
0.08724279835390941
0.1196153846153847
-0.7459255770136599
-0.7242535358826611
-0.11723211286530064
0.2396516393442624
0.5655673560648408
0.016581750810560528
0.11976935749588145
-0.08029058749210355
0.10699881376037965
-0.28176100628930817
0.3792012057272042
0.15516888433981568
0.13303867403314928
0.0072215422276621505
-0.04837640821736249
0.06649616368286446
-0.0069291338582676805
-0.09272898961284234
0.7486921529175051
1.3044510385756678
1.455813953488372
0.3177865612648222
0.017316017316017316
0.5174300254452927
0.35693069306930686
0.3802166064981949
-0.026050096339113645
0.0345576823590274
0.5107055961070559
0.45423728813559333
0.11051282051282058
-0.06423841059602642
0.13214285714285715
0.028571428571428654
0.012357286769644118
-0.015969581749049385
0.09341627786417823
-0.0573299748110831
-0.167498776309349
0.3408923884514436
0.18249027237354076
0.10120481927710848
-0.07023255813953486
-0.23741562198649957
0.5420134228187918
0.3465968586387434
0.18629646215853113
0.007264957264957217
-0.011710887465690718
0.22546201232032845
0.23245033112582777
0.023868722028841372
0.022795843110962118
0.3809880239520958
0.5440830449826989
0.37868852459016383
0.20407535563244913
-0.1787919463087248
-0.11742195367573013
0.06531914893617019
-0.14451923076923073
0.00025369978858347106
-0.143526904635056
-0.0593416782568382
-0.0837227414330218
0.09203444564047362
0.06603260869565221
0.153984962406015
0.14751348112642304
-0.22337164750957858
-0.190174081237911
0.05633598841419258
0.07328767123287663
0.18681506849315072
-0.029460580912863046
0.6142857142857142
0.6295238095238095
0.5258660508083142
0.5439739413680782
0.650958904109589
0.26864564007421154
0.2830711139081183
0.2588942307692309
-0.11745406824146981
0.3530715005035246
0.24511173184357543
-0.018163368848300332
0.04888438133874244
0.15943279901356344
0.19810426540284357
-0.06716162193032547
0.03881987577639751
-0.14446808510638293
-0.0147800085433575
0.034657039711191336
0.002819548872180451
0.18828541001064958
0.1913881748071979
0.28807045636509204
0.13150962512664635
0.25571428571428567
0.11888598781549166
0.18007272727272722
-0.06381631037212977
-0.051580698835274545
-0.31317829457364343
-0.1570190641247834
0.6147887323943663
0.25429808286951144
0.14027777777777783
0.3257769652650822
0.2143400325909831
0.3417322834645668
0.16093489148580964
0.21778741865509768
0.13374820488271905
0.38456201214223773
-0.049195949970220317
-0.2393127842344618
0.006764902880107106
0.1506493506493506
0.4651898734177215
0.017556561085972932
0.7610169491525425
0.027384615384615316
0.0323943661971831
0.21293137643792154
0.06282947821409357
0.010539845758354814
0.15558510638297873
0.14231625835189304
-0.045034246575342385
-0.05303788420300218
-0.3933503836317136
2.0088235294117647
0.17259865971705135
-6.574621959231364e-05
0.5
-0.11112984822934228
0.23314659197012141
0.10161920714684534
0.2958005249343832
1.169620253164557
0.40900383141762453
0.506013639181649
0.6957725947521866
0.5683453237410072
-0.15161904761904765
-0.11848465055519275
0.24037383177570099
-0.137434237150951
0.355578947368421
0.5625815808556927
0.5945054945054944
0.08223116733755031
0.12980132450331122
-0.24817275747508302
-0.023474178403755867
0.23348924228250692
-0.11750531537916369
-0.08801652892561988
0.04310344827586207
0.082387190684134
0.31411764705882356
0.2209876543209877
0.31408450704225355
0.1894211576846307
0.20830115830115825
0.2250740375123396
-0.6588511137162955
0.16989619377162624
0.180276134122288
0.37273743016759764
0.330482456140351
0.03740224413464808
0.04829467939972712
-0.10496083550913839
-0.15692921236291124
-0.020509882555141766
0.015684575389947927
0.33749999999999997
0.12410646387832704
0.015229563269876845
0.09090909090909091
0.030072463768115915
0.22536585365853654
0.47658473479948266
0.24481236203090503
0.3717314487632508
0.1474402730375427
0.14673784104389093
0.2946859903381642
-0.09481373265157046
-0.08283076923076918
-0.17233511586452765
0.33422083007047765
0.3606731620903455
-0.12990320937340805
-0.061938382541720155
0.07530312699425654
-0.05686274509803925
-0.04210526315789477
0.020517560073937194
0.04761426418884992
-0.015073009891662742
0.1615030674846625
0.12816205533596842
0.1327536231884058
-0.19619771863117869
-0.19370919881305643
-0.1064415259537211
-0.06590909090909093
0.4405044510385756
0.3123595505617977
0.4557823129251701
0.46406460296096896
0.35487684729064045
-0.061680216802167995
0.6923076923076923
0.17852882703777326
0.20051948051948043
0.06245750364254488
0.5123393316195372
0.47194346289752664
0.43229090909090917
0.5258121677495569
0.2781411359724613
0.35888650963597435
-0.189747191011236
-0.2677023712183156
0.3574007220216607
0.3170068027210884
0.020602662929222207
-0.17849095254353028
-0.011790668348045426
0.2575047498416719
0.42101501072194425
0.3407467532467532
0.2305327868852459
-0.06291047355686138
0.3408983451536644
-0.1234285714285714
2.214
1.5224839400428265
0.8546261089987325
0.1791760977818018
0.15420952380952388
-0.07816337426588366
0.19258114374034008
1.2943310657596372
0.7418181818181817
0.1833935018050542
0.2701570680628272
0.3137184115523465
-0.022818791946308762
0.1486220472440945
-0.3214569536423841
-0.1026701119724376
-0.08433868289983402
0.07769383697813124
0.4745724059293045
0.8145251396648046
0.1958467597565342
-0.30909090909090914
-0.10073710073710074
0.10554493307839397
-0.236328125
0.19547400611620788
0.22716049382716055
