0.14521682283721934
0.2510566762728145
0.22233999184671835
0.09447275578204625
0.005048766494549557
0.14203744225626058
0.07389558232931723
0.09595602669807621
-0.027652370203160272
0.05596230518303737
-0.04386519220642441
0.022683469236471392
0.12783838383838386
0.13717528923815753
0.04581560283687947
0.191820580474934
0.2106878306878306
0.4969545681477784
0.39629057187016997
1.2
0.19208211143695014
0.21169090390647266
0.31747604889329367
0.5889800703399767
0.08974271012006858
0.3901279707495429
0.07741935483870971
0.12163595051754612
-0.013086660175267734
0.09895615866388309
0.4076109936575052
0.25745856353591157
0.7382830626450118
0.03932493972676137
0.048862275449101794
0.07568139719502513
0.1030604237509809
0.1946711074104912
0.9186301369863012
-0.08147120055517008
0.017198404785643072
-0.038293778062860835
0.4960264900662253
-0.25500000000000006
-0.1754098360655738
-0.30438729198184566
-0.43111111111111106
0.009996184662342547
-0.15976003691739735
-0.19825632083696598
-0.3465982028241335
-0.041682127396413166
-0.2022988505747127
0.42516644474034615
0.2822028985507247
0.17252289758534559
0.1839576547231271
0.3413284132841328
0.19938837920489294
0.312781954887218
0.23055555555555557
0.2892744479495268
0.23312543312543318
0.2962628865979381
0.22472480948348852
0.07747252747252745
0.20020263424518733
0.41069397042093286
0.22741398446170932
0.11342574257425746
0.48891537544696073
0.3485540334855403
0.20720838794233293
0.2378619153674832
0.19492166396542418
0.16939655172413798
0.11565495207667728
0.22206527033609358
0.16659329909513323
0.2392034548944338
0.08948069241011984
0.08795731707317068
0.16459960937499996
0.014765100671140962
0.3533825338253382
0.20323119777158785
0.10000000000000007
0.056782996588821855
0.18571034482758617
0.18801498127340827
0.2026458208057727
0.07685589519650655
0.14720321931589544
0.02400857449088958
0.10129310344827586
-0.10611246943765276
0.06921850079744812
0.15242839352428386
0.09938223938223942
-0.18547655068078672
-0.058059587471352175
-0.08540245566166442
0.11226562500000004
-0.17163247100802853
-0.2286212914485166
0.13155467720685116
0.44327485380116965
-0.04791666666666661
0.16365914786967423
0.3224137931034483
-0.032980972515856286
0.21700483091787431
0.17199765670767422
0.046798029556650245
0.10082101806239734
0.08627450980392157
0.12455357142857146
0.32083333333333336
0.09893491124260358
0.6025974025974027
0.2542752629172382
0.3202524038461539
0.37903835764451643
0.18969021065675332
0.19143639531989046
0.13511600471883597
0.04991386735572786
0.24638671874999996
0.12154750244857973
0.1735977337110482
0.07021466905187836
0.10417690417690417
-0.06038720904938011
0.013682202234941352
-0.013860578883000407
0.04435600578871198
-0.045750000000000075
-0.10877637130801696
-0.042073628850488355
0.0053555750658471546
0.03792432432432424
-0.008164665523156152
0.1842455242966751
0.06226330027051394
0.3322619769557308
0.36423410404624273
0.1313137557959815
0.15371109337589778
0.19154447702834804
0.21596928982725525
0.15168539325842698
0.14781054512958006
0.13930772878141306
0.6040000000000001
0.17349709114415002
0.7081924577373211
0.13867237687366174
0.4402298850574712
-0.3064862342510499
-0.1928635953026197
-0.22650366748166262
-0.3262135922330097
-0.007051762940735252
-0.5958088851634534
0.14745715088508013
0.09508196721311478
0.023618090452261344
0.05108038029386336
0.41348066298342545
0.1802944507361269
-0.019209659714599342
0.07328185328185335
0.37907585004359196
0.07667109340416105
0.2115577889447236
0.40631578947368424
-0.12913191226444237
0.0679393305439331
0.33891891891891895
-0.08591160220994482
0.19691895512391158
0.2074125389677867
0.3034297963558413
0.2112983151635283
0.13863636363636367
0.2197952218430034
0.09879518072289152
0.24361858190709038
0.34750000000000003
0.039292035398229994
0.012782889828400918
0.08503524672708959
0.0374429223744293
-0.04001284521515733
-0.05148048452220727
0.06568338249754178
0.13368678629690056
0.09984126984126974
0.14329321984150273
0.22397216951296642
0.07852882703777336
0.18629417382999042
0.08200795228628231
-0.05277161862527716
0.01403312860599286
0.03655330690590441
0.015090543259557344
0.008897876643073843
-0.13590054578532437
-0.002335357309668379
0.07753096967108074
0.038106060606060574
0.022421190076478234
0.2313688659309696
0.18026565464895636
0.15632040050062576
0.2501193317422433
0.2606255749770009
0.22074707470747074
0.2232544378698226
0.3213483146067415
0.7536585365853657
0.3969887076537015
0.3920318725099601
0.18811757348342711
0.15792235047219308
-0.0049504950495049506
0.1774841168996187
0.0827449872917255
0.2034482758620689
0.12421441774491682
0.06793808734107247
0.13492187500000002
0.155835806132542
0.2039084597582926
0.08023019634394042
0.609375
0.5371034482758622
0.38468677494199527
0.4810198300283285
-0.02256793196432279
0.045385717208921664
-0.025854616895874333
