-0.12970297029702965
0.13204134366925072
-0.02371721778791329
0.12021660649819499
0.022923588039867035
0.1349794238683128
0.11024844720496894
0.08004338394793921
0.35294117647058826
0.044061302681992334
0.008013937282230005
0.0012944983818769492
0.14614472123368927
0.1368863955119215
-0.045806824754193204
-0.03562635771180307
0.06059113300492616
-0.020458015267175538
0.1301837270341208
-0.03964544721998392
-0.13722627737226276
-0.02391482391482395
-0.06671675432006006
-0.16138728323699425
0.012134831460674107
0.05631067961165048
0.12965235173824127
0.14488888888888898
0.018867924528301886
0.14225865209471772
0.06329625884732043
0.046830985915493
0.03641052088705514
0.10071574642126789
0.04043321299638989
1.3927125506072875
0.06960784313725493
0.17635467980295563
1.1852941176470588
-0.06660823838737949
-0.061100569259962025
0.0009936124911285244
-0.35111111111111115
-0.017543859649122806
-0.05643392960184648
0.17559055118110245
-0.1457286432160804
0.06871794871794872
0.022905982905982867
-0.09943714821763602
0.15103641456582628
0.02009661835748788
0.5049180327868852
0.11616379310344822
0.00964630225080386
0.11405295315682282
-0.07004608294930874
0.0683222958057395
0.018745387453874607
0.009218950064020544
0.08550368550368558
0.043225270157938485
0.04469067405355502
0.04344569288389513
0.5512437810945274
0.29159212880143115
0.09735449735449743
-0.033495618305744865
0.5829787234042555
-0.0887652947719688
0.0698412698412698
0.11530837004405291
0.15627822944896116
-0.40808080808080804
-0.009135399673735762
-0.051865008880994753
-0.03736730360934187
-0.03160762942779292
0.4588235294117648
0.10909090909090909
0.05609756097560969
0.2141935483870968
0.017168674698795145
-0.03995459704880822
-0.14711332858161089
-0.1939643347050754
-0.052364864864864864
-0.03961248654467164
-0.04766169154228853
0.10172570390554042
0.021729957805907196
-0.10285714285714294
-0.09199372056514918
-0.023628691983122337
0.13880597014925372
0.006872852233676976
0.12255319148936167
0.011816192560175005
0.03131115459882583
0.8622222222222222
-0.02432432432432439
0.7197916666666666
0.09253393665158366
0.16705048715677584
0.1115027829313544
0.09769673704414583
0.06013320647002859
0.07187309334960339
0.06911447084233262
0.04638783269961973
0.041947565543071115
-0.0817796610169492
-0.08719211822660093
0.045701006971340045
0.08443708609271523
-0.3664160401002506
-0.01662049861495845
-0.06639806607574544
0.3399999999999999
-0.008216783216783296
-0.022371967654986554
0.05836249125262428
0.25322580645161297
0.012577747062888767
0.08967642526964568
0.13975903614457824
0.1575392038600724
0.02389705882352941
-0.0365591397849463
-0.017714672075726873
0.024969400244798014
0.012842105263157943
0.019830028328611898
0.12532998114393468
0.8427299703264095
1.3938931297709924
-0.10834049871023216
0.036945304437564455
-0.10859851049424515
1.445303867403315
-0.17755572636433511
-0.11633333333333326
0.11557223264540342
-0.030851063829787195
-0.11879699248120296
-0.09730423620025667
-0.039318060735215744
0.02894248608534327
0.007245155855096806
-0.04033333333333341
-0.09181286549707596
0.018014329580348026
-0.10783018867924524
0.17316293929712456
-0.04557522123893802
-0.07931372549019605
-0.03726315789473682
-0.12599160055996267
0.11311188811188819
-0.012651555086979441
0.12085385878489331
0.40602094240837705
0.24894026974951838
0.2690631808278867
0.20165745856353592
0.2489841986455981
0.5768595041322315
0.10017016449234255
0.0770685579196218
0.015586854460093811
0.09398496240601503
0.1919406150583245
0.05296610169491525
0.17338877338877334
0.015778251599147072
0.21915367483296208
0.18634490876986456
0.0842584167424931
0.22097297297297308
0.261612515042118
0.3046762589928057
0.20227272727272724
-0.0770769899956502
-0.13504531722054378
0.047524752475247525
-0.10566546762589928
-0.08964059196617331
0.03988764044943817
-0.01000000000000004
-0.18498402555910545
0.1571865443425076
0.13725934314835792
0.48589743589743595
0.27370478983382207
0.07448165869218508
-0.07117117117117122
0.23206896551724143
0.10478873239436616
-0.07152709359605913
0.029014084507042286
0.09274193548387097
-0.11246200607902736
0.022193548387096834
-0.021925431274346183
-0.26615581098339713
-0.031406551059730274
-0.22202202202202198
-0.22058823529411764
-0.09108910891089117
0.1005952380952381
0.09885057471264361
-0.08744038155802862
-0.050128755364806946
-0.03158878504672893
-0.3300773694390715
-0.2487179487179487
-0.4349778125815714
-0.2307116104868914
0.09398907103825134
0.038403041825095144
-0.004437140509449541
-0.04678055190538768
0.09348591549295779
-0.3782435129740519
-0.4976190476190477
-0.19441340782122912
-0.5731553056921996
0.19151813153042405
1.1235772357723577
0.08059405940594068
0.16498127340823973
-0.06618497109826595
0.09281314168377817
0.061458333333333295
0.1363962670495334
-0.06912442396313365
-0.06194852941176469
-0.00022675736961456404
-0.04136585365853657
0.0405770964833183
0.10917127071823199
0.20000000000000004
0.22196531791907517
0.10989345509893463
0.5231481481481481
-0.13672456575682387
-0.22236842105263158
-0.28284625158831006
0.13014705882352934
0.17552581261950279
-0.09011725293132321
-0.09731182795698921
0.00901542111506527
-0.0765894529324791
-0.08070692194403528
-0.01938283510125364
-0.1765051395007343
-0.034173055859802896
0.14949083503054986
-0.07044534412955468
