0.2238185255198488
0.09299999999999993
0.6481981981981981
0.05273234942161939
0.02681799075241706
0.051939451277199705
0.12033195020746888
0.22427237781438775
0.004471544715447131
0.21048625792811848
1.5906976744186048
0.19889152810768015
0.32169459962756053
-0.03764565282342396
-0.09124044679600238
-0.17262667443214916
0.3622436670687575
-0.11614691614691608
0.0778664007976071
0.1555125725338491
0.16386861313868606
0.15488372093023256
-0.24654622741764082
-0.12623550945698603
0.2242751180040458
0.3853538892782061
0.2538188849500483
0.42392638036809804
0.14636363636363636
0.013348877878169683
0.0652324774462179
-0.08880976602238042
0.18612440191387564
0.20176289114147208
0.19430122116689277
0.1401993355481727
-0.041772796739684155
0.24820261437908492
-0.006072106261859525
-0.03142715067130783
0.2335061826884723
0.7290657439446366
0.05939393939393936
-0.01197898423817857
0.207843137254902
0.0419063270336894
0.12364273204903682
-0.08471275559883155
-0.10533117932148635
0.9016768292682927
1.3610389610389613
0.06540697674418605
-0.12949698189134817
0.14950405770964828
-0.12110091743119268
0.04096461008456003
0.17077441077441072
-0.022988505747126436
-0.02363765038924281
-0.22
0.30718954248366015
0.06255172413793107
0.16089743589743585
0.1102442868400316
-0.23650329188002922
-0.009113924050632969
-0.08145363408521303
0.1924126172208014
1.0686567164179104
-0.19740552735476594
0.10378927911275412
0.013659647125782584
-0.16550976138828635
0.10873907615480652
0.49512807634354605
0.1567706422018348
0.09605839416058394
-0.13621621621621624
-0.015992532669570656
-0.17733124018838312
-0.17428571428571432
0.21699212058924292
0.18939554612937423
0.06820512820512827
0.48070866141732294
0.1781196581196582
-0.2643153526970954
0.5043571812802582
-0.20959595959595959
-0.11669595782073813
0.12789840229414168
0.07336594041796354
0.029107276819204768
0.0514588859416445
0.045891226677252844
-0.3992001777382804
-0.48359355003839266
-0.5156632525605795
-0.24955677501055298
-0.5434857003177708
-0.021820237422272418
-0.16124031007751935
-0.21743919229004127
-0.04285226885022174
0.0054697554697554695
-0.020156695156695124
-0.06312659303313504
0.08968749999999996
-0.0205761316872428
0.1332954545454545
-0.3236151603498542
-0.040994542146755554
0.16088173547935625
-0.2153153153153153
0.1510350318471338
-0.027396254131472605
0.11502386969952258
0.17189260855154123
0.12802617230098157
0.03237547892720309
0.05451343020695737
0.07453646477132256
0.09438909281594127
-0.04990990990990986
-0.06594181604466649
0.13607990012484394
-0.07244444444444449
0.0677608440797186
0.12231213872832365
-0.18637709772951624
-0.19835140997830805
0.015800415800415846
0.10092307692307696
-0.07765957446808508
0.02295081967213107
0.010980392156862695
0.16168224299065423
-0.05058027079303671
0.004737575476079804
0.051826923076923166
-0.20353741496598643
0.06668685645063592
0.11971211515393847
0.24425087108013946
0.15986769570011025
0.4991907514450867
1.006825938566553
0.5247165532879818
0.2457547169811322
0.05013774104683199
-0.10686070686070681
0.5550617283950616
-0.11828138163437245
0.09496919917864477
0.13179723502304144
0.3039943938332165
0.04196242171189984
0.07533659730722149
-0.0419843342036554
0.21475409836065584
0.5967130214917825
0.10727923627684961
0.18121827411167507
0.48589743589743584
0.5121890547263681
0.4633744855967079
0.2850980392156862
0.2508997429305912
0.18221614227086189
0.11450549450549456
0.1237226277372262
0.3444444444444445
0.4090252707581228
-0.3873417721518987
0.24422110552763812
0.050156739811912224
0.13337386018237088
0.04089950808151795
0.3817427385892116
0.4185606060606061
0.18305963699222122
0.509090909090909
-0.2501070663811564
0.2387734915924828
0.14981818181818185
0.1934497816593887
0.1343146274149034
0.12094455852156052
0.28057784911717487
0.2801687763713081
0.019074333800841548
0.06451612903225806
0.14260355029585794
0.11434878587196468
-0.03940149625935165
-0.08508583690987119
-0.0377418331747542
0.7576271186440678
-0.13005093378607813
0.1494468085106382
-0.03402692778457776
0.48278388278388285
0.35920177383592017
0.12612916842549607
-0.06247818499127405
0.0304013663535439
0.017970049916805248
0.0880952380952381
0.18771929824561412
0.402615803814714
0.4449319213313162
0.20925266903914594
-0.020955882352941133
-0.15914103308183403
-0.09032258064516127
0.7838565022421525
0.007792207792207705
0.20544554455445543
0.03722314049586774
-0.10830564784053151
0.20706401766004404
0.09480940794809416
0.4216216216216217
0.30967169476486245
0.6218289085545722
0.1385176184690158
-0.04250825082508257
-0.23279999999999995
-0.06042128603104213
0.06872917658257977
0.05920114122681883
0.0925945106162611
0.15758490566037733
0.19954627949183312
0.8674556213017753
0.433375959079284
0.036387782204515245
0.2188494492044064
0.11723822588020123
0.12367008296730117
-0.19858429858429852
-0.03785547785547777
-0.0625240230621396
-0.1805825242718447
0.31867469879518073
-0.052923076923076885
0.07293835068054436
0.14457478005865107
-0.16221498371335508
0.0706885245901639
-0.08120930232558135
0.17406340057636882
-0.13891625615763542
0.1378212974296206
0.015353037766830908
-0.09218181818181816
0.028092042186001875
0.2779807372965792
0.1648957632817754
0.20073484384568277
0.10232342007434936
0.5202917771883289
0.47531380753138086
0.43521671826625385
0.07057101024890186
0.14699429574374726
0.6375
0.1895181741335588
0.5078683834048641
0.2983122362869198
-0.2428434197886647
1.8777202072538859
0.20801186943620184
-0.15429184549356217
-0.45117707267144314
0.36627017841971105
-0.1640027322404371
