-0.07557392102846644
-0.11754068716094032
0.41437908496732034
0.17519379844961244
-0.1446280991735537
-0.010684647302904518
-0.19108367626886139
-0.12126623376623384
-0.08474088291746637
-0.20494905385735074
-0.11714511456412963
-0.05090600226500571
-0.15986068785372226
-0.17746279234585408
-0.17753102547354668
-0.022644873699851357
-0.07448923246824964
-0.04079449961802898
0.5093695271453591
0.4684711046086321
0.4950964187327823
0.36565656565656557
0.7011494252873564
0.5438658428949692
0.6077922077922078
0.21076003415883857
0.09250749250749257
0.0037767519932857744
0.01992882562277588
0.1837592277115275
0.08486501227161163
0.12149390243902446
-0.4071713147410358
-0.14003690036900365
0.029139072847682086
-0.09282094594594602
-0.06036161335187758
-0.3263911487146111
-0.28707635009310983
0.0975103734439834
-0.3124948111249481
-0.24459405940594056
-0.31824817518248183
0.06679245283018871
-0.12635117662270492
0.14881889763779527
0.010329341317365235
0.23487621097954794
0.24021276595744684
0.13973919011667804
0.10948012232415912
0.15902806870548802
0.043389830508474614
0.23009211873080856
0.24978614200171087
0.18287854467629758
0.37784891165172846
0.2361904761904763
0.28701754385964917
0.18563674321503126
0.06707638279192282
0.18922878069797494
0.049661634565330605
0.1107470511140236
0.12552447552447557
-0.018443263519849953
-0.018766442560654725
0.13480257116620747
-0.02924435721295383
0.15902004454342988
0.07568862275449108
0.13947198969735988
0.08899036022323698
0.12944038929440385
0.11437308868501522
0.016288175411119776
-0.02364116094986805
0.057692307692307696
0.02591304347826083
0.10093617021276588
0.1321247280638144
-0.06420664206642068
0.4230661040787622
0.10300896286811785
0.10075434568711047
0.14719288493607569
0.18589449541284392
0.18936430317848407
0.2024500322372663
0.06295805739514344
0.2280628272251309
-0.22067307692307694
0.12956204379562045
-0.048143294014853566
0.03319838056680162
-0.11393939393939394
0.039355653821857205
-0.0720692368214004
-0.12457245724572455
-0.361764705882353
0.009573091849935288
0.18178053830227733
-0.2737160120845921
-0.0019230769230769629
-0.14359085023737594
-0.21321817499061216
-0.16823950536934593
-0.22262924667651401
-0.12770592239618792
-0.19430154333201424
0.3354609929078015
-0.07387208725830441
-0.004088586030664356
-0.11587155963302748
0.11313291139240507
0.11929499072356206
-0.3144048363560558
-0.2919548872180451
-0.16031854379977245
-0.18842759071592027
-0.16732962079024133
-0.26951545211751243
-0.06633237822349564
-0.15530951182687464
-0.049176560704710874
-0.017960602549246814
-0.1473783656117147
-0.24881889763779524
-0.06356020942408382
0.2624999999999999
-0.16374269005847952
0.10181818181818189
0.18045454545454548
-0.17196078431372547
0.06893617021276599
0.16640598435906157
0.3625349487418453
0.665680473372781
0.5453465346534653
0.1110160427807487
0.2966339410939691
0.12487644151565079
-0.05172413793103448
0.2073310423825888
0.16266471449487557
0.3918398768283295
0.20346938775510212
0.23867791842475394
0.1753846153846154
0.16336088154269976
0.23560633984518975
0.1965065502183406
0.12324723247232464
0.2195876288659794
0.20718358038768533
0.2766404199475065
0.38845979100408906
0.2944061302681993
-0.15294570658452053
-0.12241467142129392
-0.2010013654984069
-0.23540262504434192
-0.199552071668533
-0.14481927710843379
-0.5336996336996337
-0.32069892473118283
0.08076358296622614
0.007196969696969755
0.04612418048592361
0.034167175106772425
-0.01201450025893322
-0.38474576271186445
-0.11227919000430844
-0.007899103883172979
-0.033637400228050174
-0.19009433962264147
-0.03017518770110836
-0.06661550268610894
-0.07783783783783788
-0.050783938814531616
-0.23417004048582998
-0.07405375754251234
0.010834553440702782
0.05348366579936398
0.019351230425055876
0.03881720430107529
0.3742192691029899
0.16113551875633667
0.04148067501360917
0.16459627329192547
0.2134056185312962
0.3094688221709007
0.2733446519524618
0.3423967774420947
0.3976011994002999
0.42310160427807475
-0.13988439306358375
0.041706161137440814
