-0.02909090909090916
0.42068965517241375
0.12638888888888888
0.08171861836562763
0.26685174902831754
0.1700754975978037
0.23930635838150294
0.2760419467598818
0.15667692307692302
0.1504315659679408
0.4202337023370235
0.13140954495005547
-0.11318681318681316
0.23091028159790433
0.29257950530035337
-0.04757475083056473
-0.015188679245282933
-0.01127071823204425
-0.08434163701067621
0.01327433628318584
0.031077694235588916
-0.019023136246786573
-0.04475524475524473
-0.24540540540540542
0.26
0.28752495009980034
0.22252497729336967
0.16611165523996074
0.1473182359952325
0.34872093023255823
0.20588235294117646
0.37008072653884966
0.09927674153026272
0.15646540554547814
0.0016685845799770374
0.22417582417582424
0.2363057324840764
0.0750898203592815
0.27032967032967026
0.02976190476190476
0.32627737226277365
0.14701195219123497
0.2727868852459016
0.35999999999999993
-0.06099071207430347
-0.14604006740310804
-0.010107948969577974
-0.0756930358350237
0.050263546278726465
0.024156862745098002
0.03473491773308958
0.038503774879890124
-0.10694864048338362
0.17413793103448275
0.21960337360382942
0.20659238625812443
0.09347368421052635
0.0776519052523173
0.10776738511590077
0.18099999999999994
0.04017830609212476
0.15134474327628356
-0.16959459459459456
-0.027008149010477354
-0.2607329842931938
0.001692047377326565
-0.11594202898550725
-0.008870967741935439
-0.024070021881838075
-0.08571428571428574
0.09712230215827339
0.15663082437275982
0.1815361139369278
0.21267123287671225
0.18454241071428562
0.09253112033195025
0.30074812967581055
0.2256059009483666
0.19164138860802155
0.1262135922330097
0.23866432337434101
0.20476306196840835
0.11392564587271578
0.07652424387902068
0.16888766519823778
0.08045165843330981
0.2544307125953196
0.011234177215189909
0.13806262230919755
0.248907265209687
0.00742407199100115
0.27117948717948726
0.23696215655780192
0.30906921241050117
0.24691478942213507
0.25982478097622036
0.27386306846576713
-0.06355277675616042
-0.02018170019467872
-0.10006578947368415
-0.06769547325102884
1.1014705882352942
-0.0660130718954248
-0.07215874924834637
-0.0841651263093037
-0.02877379371403276
-0.013489208633093525
-0.0847457627118644
0.052459016393442595
-0.05691837625491056
0.2079589216944801
0.10585480093676812
0.14518002322880372
0.02926829268292679
-0.09517241379310352
0.1650692225772098
-0.16582278481012652
-0.005928853754940711
0.31111111111111117
-0.02639175257731961
-0.04211737629459151
-0.07258129265355286
-0.12862529996571814
-0.04331140350877193
-0.1191260291323622
-0.08902575587905935
-0.0161363636363636
-0.10555932203389834
-0.01156427465152302
0.014177978883861202
0.1510771992818671
-0.04043419267299858
0.10035252643948293
-0.02924528301886787
0.30041050903119876
0.1882414698162729
0.27092765201952956
0.18405172413793106
0.1165100671140939
0.12422145328719715
0.186923076923077
0.18759124087591234
0.08251001335113478
-0.124486301369863
-0.23888888888888893
-0.05246038365304428
-0.11997363216875412
-0.3795511221945137
-0.18733624454148473
-0.0887677208287895
-0.09133858267716531
-0.46727828746177374
0.239423315933383
0.1921123716909778
0.14231559716830322
-0.08814035087719302
-0.023488099882949597
0.021582459485223988
0.0783751493428913
0.019896373056994866
0.2585987261146496
0.09155672823218994
-0.02681564245810062
0.08689123376623373
0.06215415019762855
