-0.0037765957446808025
0.008153477218225395
0.1112840466926071
-0.069710806697108
0.0833046471600688
-0.1490697674418605
0.26028905712319345
0.1858247422680413
-0.049463937621832356
0.32575700934579443
0.2245011086474501
-0.08813778256189443
-0.10250379362670706
-0.09188275084554678
0.6397733711048158
0.1005076142131979
0.3441176470588235
0.10324799388612908
-0.04431818181818178
0.02059223037218152
0.01967662373252951
0.09498069498069507
0.09352941176470593
-0.08364269141531325
0.29146110056926
-0.08416422287390025
0.025573192239858905
-0.013454198473282357
0.3369640787949015
0.4872268907563025
1.0180790960451978
0.2571028691392583
0.013249211356466901
0.6478645632935746
0.17629969418960248
0.5181960784313726
-0.0616926503340757
0.5708252111760884
0.5731872717788211
0.16427525622254766
-0.017081210668264908
0.07410586552217446
-0.045589344056295576
0.13142250530785565
0.17800201816347133
0.5006342494714586
-0.13454545454545452
-0.027166666666666592
-0.03715415019762848
-0.32310588235294113
0.09664492078285186
0.03543808125305927
-0.02952349216927688
0.3572127139364304
0.00234009360374415
0.48053097345132756
0.20341124447252054
-0.038286109191430606
-0.036288088642659345
0.0582327753989879
0.012010113780025285
-0.01426463354648303
0.14327830188679244
-0.12114250232846936
-0.21234474971772668
0.0026845637583892998
-0.025946926740757457
0.07038391224862889
-0.07388255915863273
-0.08569883752365504
-0.01050724637681165
-0.005668662674650626
-0.32588555858310625
0.31891891891891894
-0.02995461422087739
-0.218809318377912
0.25323741007194234
0.037770034843205604
0.10068098480880032
-0.006318164723580362
0.556440281030445
-0.02989439480097478
0.049484536082474224
0.18990384615384615
0.07879746835443031
-0.03468634686346855
0.3041825095057034
0.09340136054421766
-0.051473078225533354
0.19851301115241626
0.35736160188457017
0.16108135679673563
0.17630161579892276
0.0794912559618442
-0.08504034761018
-0.033074570689249676
-0.060345572354211584
-0.14114212734902395
-0.1402508551881414
0.08113148896487411
0.14597861459786146
0.005607476635513965
-0.044561774023231256
-0.20398245021937228
0.11285475792988317
0.2682027649769585
0.2265853658536585
0.0033875338753387536
-0.16250588789448894
-0.0027221777421938278
-0.015391459074733056
0.047068359902728944
-0.21733124018838298
0.6963380281690142
0.9094017094017095
0.17617477328936526
0.07619047619047624
1.6388888888888888
0.24246575342465757
0.4947873799725652
0.6280210157618215
0.1874573113939771
0.21369661266568488
0.10202020202020197
-0.23927550047664442
0.10417193426042981
0.10651577503429352
0.08934131736526948
-0.28749608273268573
-0.01601164483260553
0.19999999999999998
0.40568271507498027
0.0843546284224251
0.19921431689218685
1.107894736842105
0.13373428102788404
0.12420131291028455
-0.2555288461538462
0.2602102102102101
0.17112987535182947
-0.16356502242152463
0.29222478829869125
0.15495356037151706
-0.11516412390198794
-0.035202086049543675
-0.03820895522388063
0.03685288095934484
0.11781970649895188
-0.0004594180704440345
0.05061850569025244
0.27908540685944855
0.09776592197399127
0.28019619865113427
0.17716701902748405
0.26523642732049046
0.03966764942374699
0.13526011560693652
-0.013478260869565193
0.014335145823035097
0.18110850897736144
-0.10854858548585486
-0.0570149253731344
0.4786933927245731
0.0002463054187192118
-0.13995880535530378
-0.12181303116147309
-0.06163141993957708
0.05221295702373322
0.09316770186335403
0.12508609271523174
0.002554179566563432
0.326928537624231
0.0014744145706852086
-0.03849005729693287
0.13416536661466458
-0.062301216089803574
0.07516600265604252
0.2404083368779242
0.2371052631578948
0.1888888888888888
0.08524590163934417
0.008348134991119086
-0.1359371161876689
-0.09987209004860581
0.17803468208092482
0.22688860435339314
0.36715391229578676
0.5202226345083487
0.13154246100519926
-0.1269185360094451
0.03484276729559754
0.4190039318479686
0.8093975903614458
0.07641921397379912
0.18823165066584088
0.07341430499325233
-0.058002812939521746
-0.0597200622083981
0.14992319508448546
0.42191780821917807
0.3452054794520548
-0.14340588988476313
0.0371717171717172
0.15555555555555553
0.5321928460342147
0.9652173913043479
0.4245139475908707
0.18910207214121266
0.5873287671232876
0.16815789473684203
0.26677265500794917
0.1954015544041451
0.14192166462668304
-0.1506976744186047
-0.06648648648648654
-0.2782472613458529
0.5080851063829788
0.5395031055900621
0.278370786516854
0.16609336609336608
0.17376216673719844
0.1391739674593242
0.18737071311921602
0.5812332439678283
-0.4784208509007283
0.8393814432989691
0.21389442231075698
0.20082219938335055
-0.286541737649063
0.04341747572815541
-0.04383057090239402
0.1746543778801844
-0.027346637102734665
0.027166957533449707
0.08496732026143791
0.0026402640264026776
0.5145708582834332
-0.25125107851596207
-0.28756345177664977
-0.07395701643489254
-0.22094861660079054
-0.062450222534551396
0.20156760287393855
-0.022009569377990403
0.294238683127572
0.10145882352941173
-0.2277663934426229
0.4932515337423313
-0.0515367483296213
0.151235230934479
-0.053279605999552275
-0.16290726817042606
0.14306306306306307
0.6167140420693576
0.25
0.05557083906464921
0.1127220355256842
0.4350983358547656
-0.029770992366412185
0.12167466201482774
-0.06941205656164728
-0.1204250295159386
0.1645625692137319
-0.133630289532294
0.061484098939929385
0.3296660117878192
-0.09824561403508769
0.19662269129287593
0.22172814552804457
0.16636182902584495
0.01543661971830991
0.3110024449877752
0.19307958477508655
-0.0905903398926654
0.09494949494949491
0.38590686274509817
0.09593495934959359
0.806206896551724
-0.2877394636015326
-0.20688806888068886
0.2054969879518073
0.008767123287671232
0.19318181818181818
0.10371975442397971
0.6229145032883352
1.089544235924933
-0.13106060606060613
