-0.08056849953401682
-0.07879569892473111
-0.08317929759704251
0.03877045116509659
0.3791698693312836
0.05279861511829198
0.028462515883100354
0.4182203389830508
0.33465871438038436
0.072037037037037
0.12142103411888844
0.12376681614349773
-0.21512415349887135
-0.025966101694915224
0.11297124600638975
0.1361509433962265
-0.4923636363636364
0.5367217280813216
0.58490990990991
0.5067385444743935
0.6464516129032258
-0.01184810126582283
0.30041741204531913
0.1730458221024258
0.2967297762478485
0.30038834951456317
-0.04701986754966884
0.21826771653543312
-0.02414220752377019
1.1582035928143712
0.04428067926946486
-0.06379633096218648
0.09192886456908352
-0.048494453248811444
0.17730696798493403
-0.08619246861924684
-0.09156626506024089
0.2757388316151203
0.12770448548812668
0.19524714828897347
0.0064516129032258325
0.28241965973534977
0.3994672754946728
0.4855945521215296
0.41816562778272476
0.39675796534376756
-0.24146654445462876
0.3522988505747126
-0.07639257294429716
0.03129890453834116
0.05092707045735482
-0.047570093457943906
0.18125741399762746
0.3638326585695007
0.22242562929061796
0.20819848975188782
0.5275443510737629
0.051741293532338334
0.15381882770870342
-0.10593406593406592
0.0626364399664147
0.24792899408284028
-0.1826415094339623
0.28149350649350646
0.7349009900990099
0.20696999031945792
0.2725
-0.17321428571428577
0.17639257294429708
0.33253012048192765
-0.04992887624466575
-0.257286432160804
0.1432320441988951
0.18164188752424046
0.33176954732510283
0.4651026392961877
0.4995278564683664
0.3610294117647058
0.2746644295302014
-0.49616613418530353
-0.5915675675675676
-0.2954205607476636
0.11665685697469103
-0.20888888888888885
0.4828594638505281
0.37117251680358476
0.3823232323232323
-0.10390946502057613
0.008699676075890875
0.3790842872008324
0.2501240694789082
0.13604178757980273
-0.03767123287671233
0.03075302790942606
-0.015283842794759825
0.20090090090090082
0.19559135226791016
0.011770524233432222
0.3082130965593785
0.3863387978142077
0.515658657829329
0.07818181818181819
0.24665012406947887
0.32589531680440775
-0.0016048144433300129
-0.11915254237288128
0.2954212454212453
0.10991569650742682
0.37747920665387075
1.0201577563540754
0.10806451612903223
-0.06153846153846148
0.062158374211632825
-0.014616853013362397
0.2584004294149222
0.476627965673902
-0.055665024630541925
-0.03304347826086954
-0.15419580419580417
0.11413612565445026
-0.19880239520958085
0.21850746268656707
-0.10052687038988406
-0.011797578391803787
0.26860465116279064
0.7032418952618454
-0.04903846153846148
0.9326530612244899
0.10496592015579354
0.13211845102505695
0.07293814432989694
0.4486939379004436
0.04014336917562731
-0.08214125056230315
-0.20480480480480476
-0.23999999999999994
-0.06698280972139893
-0.061820480404551174
-0.17464342313787634
0.18589562764456974
-0.06591903719912473
0.08456937799043068
0.0660732984293194
0.4045120156939677
-0.22893081761006293
0.42653061224489786
0.2310204081632654
0.3842580645161291
0.3413263065436978
0.706862745098039
0.46001287830006443
0.5545810493343775
2.041333333333333
0.12342733188720169
0.26910606762389994
0.15357142857142858
0.9138622493461201
0.18133514986376026
0.32462908011869446
-0.3482993197278912
0.2212715389185978
0.1440206185567011
0.01879927228623408
0.3054840893703453
0.07452118398142779
0.01950059453032102
0.33473344103392577
0.040441801189464666
0.09804639804639799
0.08078920041536859
0.06964769647696474
-0.09375438596491222
0.135645472061657
0.2282942603071949
0.41810642709053214
0.23624934520691462
-0.2707903780068729
-0.056440281030445016
0.11673819742489265
-0.0451165721487082
0.16870573084352866
0.23155505107832008
0.17676056338028168
0.13805970149253732
0.3468409586056646
0.5803043867502239
0.49939209726443773
0.2889549702633814
0.3211750305997551
0.26056253740275287
0.17604842196281878
0.29768095572733655
0.0769825918762088
0.3645083932853717
0.549792531120332
0.42404692082111445
0.05072264280798351
0.028489847715736098
0.3510897994768963
0.10220125786163523
0.2699774266365689
0.4103671706263499
0.19562389118864573
0.0773109243697479
-0.06760744066709434
0.008859060402684645
0.24437450826121157
0.13492333901192513
0.07092198581560284
-0.07119741100323625
0.21162361623616244
0.059750322858372874
0.5146464646464646
0.20949152542372884
0.21340388007054673
0.29271523178807946
-0.6875862068965517
-0.003240740740740688
-0.10065050266114728
-0.05763125763125769
0.09468845760980597
0.21964965727341973
0.5267857142857143
0.04496336996336988
0.267009551800147
0.14765957446808506
-0.06787598944591035
1.2011834319526626
0.607090909090909
0.6051041666666668
0.16015727391874188
0.2435039370078741
0.18847262247838611
-0.059898477157360464
-0.1524027459954234
0.43451086956521734
0.23434210526315793
0.3383458646616541
-0.05368731563421835
0.08439306358381495
0.032636815920397966
-0.08500727802037843
0.09302325581395349
0.11153203342618387
-0.0028747433264887596
0.06461151305441966
0.2158929318276871
-0.10102827763496147
0.1624555160142348
-0.1494672754946728
0.21641137855579864
0.17822349570200569
0.006721991701244738
-0.0038010061486863918
