0.1412068076328005
-0.14953271028037382
0.38946772366930926
0.088768898488121
0.310838445807771
0.22171945701357465
0.09626749611197508
0.2710892710892711
0.1938425103611605
0.023587223587223524
-0.04278768233387361
0.07462779156327541
0.3594262295081967
0.28317152103559873
-0.0539809406701506
-0.08854314002828857
0.0957890594254231
0.17152209492635018
0.49233201581027664
-0.08479262672811062
0.23104838709677425
-0.04854716137684395
-0.06153846153846154
0.385721085197525
0.3276190476190477
0.15373134328358204
0.2927215189873418
0.22359832635983268
0.14000000000000007
0.21581335061568374
-0.1278937381404174
-0.026261530113944706
0.011036938139741959
-0.02653419053185277
0.21180124223602476
0.26797066014669935
0.5011583011583012
0.4177746675997201
0.5860601614086575
0.11583220568335592
-0.16137931034482764
-0.06416213544241224
0.3893455098934551
0.03503054989816701
0.2899052327976926
0.3773437500000001
0.054196959682749506
0.09316770186335403
-0.025936599423631124
0.22795311091073034
-0.037227074235807886
-0.12771966527196654
0.06583333333333338
0.11116173120728937
0.050164581961817015
0.04617314930991211
-0.14628297362110312
0.1235829251224632
0.10572025052192059
0.17078288942695716
0.32214452214452227
0.18510255487585467
0.3419536191145467
0.318336483931947
0.3212027756360832
0.3829107981220657
0.3196480938416422
0.11827189853349192
0.03419307295504797
0.2511930585683298
0.09304878048780482
-0.23583617747440272
-0.25405921680993315
0.2792705167173253
-0.027116486314449337
-0.06316120906801005
-0.221486268174475
-0.18775834658187604
0.12260397830018074
0.2329448329448329
0.01832632071061235
0.09128531635495428
0.3264240506329113
0.3598265895953757
-0.1067463706233988
-0.053910950661853134
0.022418426103646867
0.13890987587695633
0.024945295404813956
0.3290960451977401
0.47182718271827184
0.3954502369668247
0.19171374764595095
0.5352622061482821
0.37607717041800653
0.6311724137931033
-0.11281695032997575
-0.13084415584415582
0.0783439490445859
0.17350993377483448
-0.2908808692277842
-0.2989593188268685
-0.18596321393998066
0.2376122556788168
0.4540240518038853
-0.11512401693889894
-0.02382445141065838
0.20835380835380837
0.38274932614555257
0.15670702179176751
0.18389955686853768
0.5944444444444446
0.15899843505477312
0.3265877287405814
-0.029492600422832957
-0.049690837549184984
0.6754385964912281
-0.04082687338501295
-0.16075949367088604
-0.0713553795994411
0.41681574239713776
0.04731012658227844
0.034014869888475754
0.16415868673050615
0.24181818181818177
0.31655629139072844
0.06842105263157895
-0.024524312896405966
-0.02417417417417421
-0.5507198952879581
-0.07089397089397094
-0.0388379204892966
-0.22753872633390704
0.41563909774436086
0.0386308068459658
0.046411305317962136
0.2411974340698504
0.2570216776625825
0.6544815465729349
0.3581563956499223
0.1908584169453735
0.1824761904761904
0.3119103773584906
0.1317745302713987
0.17586738627602153
-0.008078715691351584
0.11042944785276074
0.13985389610389606
0.2607605516088592
0.20898483080513408
0.09375
0.08629117959617433
-0.19365609348914858
-0.06692985119951415
-0.0374045801526718
0.0903995848469122
-0.1411061285500747
0.00644257703081241
0.2101542416452442
-0.02142857142857139
0.10611773759138136
0.22962962962962957
0.2747488278633624
0.30954994511525796
0.05109862033725089
0.23192307692307695
0.13702127659574467
0.283385579937304
0.7417840375586855
4.907368421052632
-0.0073047858942065875
-0.14163763066202092
0.37315689981096395
0.17679603633360852
0.04563567362428834
0.19421531869309047
0.18770491803278694
-0.18416565164433624
-0.04430379746835443
0.04347231715652762
-0.26605863192182416
-0.13788617886178867
-0.15860991800078086
-0.2280431432973806
0.07364921030756434
0.1471209213051823
0.06429101707498137
0.09931271477663223
-0.263768115942029
0.09640287769784177
0.6353846153846154
0.122743177046886
-0.15315645013723694
0.04351103931071618
-0.04491362763915543
0.513472485768501
0.4135902636916835
0.41767068273092367
0.2715889464594128
0.21770992366412217
-0.1900908340214699
0.15959715639810432
0.4
-0.08185185185185183
-0.3419847328244275
0.2162485065710872
0.43295057413879173
-0.008824940047961674
-0.08299963596650892
0.07698334965719873
0.6549019607843138
-0.014028436018957303
0.09365609348914862
0.1419945105215005
0.3069364161849711
-0.06585365853658531
0.7646376811594202
0.11660516605166042
0.10816326530612239
-0.3
0.41273584905660377
0.14720357941834455
0.21349693251533738
0.14893138357705285
0.11087719298245609
-0.06633663366336637
0.05714285714285712
0.10623052959501565
0.0018099547511312474
0.10289741581832428
0.07516372795969764
0.18581560283687948
0.16873614190687367
-0.19004329004329007
0.19813391877058179
0.2277982779827798
-0.042014925373134296
0.06225490196078426
0.24197317178710506
-0.015544472152950994
0.049277184160905145
0.4206315789473683
0.14024096385542167
0.24646962233169134
-0.10805970149253728
0.016746794871794944
0.01779324055666002
0.18874458874458885
0.0679657053780203
0.003937653814602096
-0.09607250755287013
0.3707662588538314
-0.05380116959064332
-0.18571428571428578
0.3623346303501945
-0.04341463414634146
0.10218579234972672
0.02668579626972749
-0.5818551904623437
0.040381282495667165
0.13908629441624373
0.34444444444444455
0.4676304211187932
-0.15572616762635963
0.1415818324197337
0.02679022746419541
0.0014669926650366378
0.11493403693931407
0.3739130434782609
0.17758620689655175
0.2763197586726999
0.07011235955056178
-0.012857142857142907
0.4594059405940595
0.21404293381037562
0.4125581395348837
0.2717201166180758
0.041379310344827586
0.189460370994941
0.20486448922863096
0.27956989247311825
-0.1363253856942497
0.01384083044982699
-0.06519906323185014
0.19234449760765546
0.3783783783783784
0.04834605597964377
0.005370370370370328
0.13260672116257946
0.7193916349809886
-0.039487179487179426
