0.31502403846153837
0.3467438494934878
0.2960260586319219
0.44876543209876546
0.36684155299055604
0.5289320388349514
0.2850999999999999
-0.045283018867924525
0.020805369127516803
0.19210266535044412
0.16480129764801302
0.05181579932609513
0.13082414016872154
0.18614389036924248
0.255958549222798
0.009211444521981887
0.2543528327959465
1.0770370370370368
-0.0628643852978454
0.14202496532593617
0.11776447105788423
0.044155844155844184
0.28540145985401455
0.22658396101019057
0.8462962962962963
0.08238938053097337
-0.3232258064516129
-0.05692425401683251
-0.11902113459399333
-0.07558859975216853
0.1218850871530019
0.18366775548296776
0.08387933830684395
0.6097560975609756
0.20755711775043942
0.24914285714285705
0.040091901206203304
0.24639590193926092
0.4236432025792585
0.6027923211169284
0.43146571044374715
0.4008325624421831
0.2728139904610493
0.3718719689621727
0.7795527156549521
0.19911182882519168
0.096045197740113
-0.04521295959228242
0.28732581287325815
0.25781083953241224
0.047211611917494234
0.05052742616033753
-0.11672753834915994
0.07532673267326725
0.18972809667673726
-0.011673506611947063
-0.0038655462184873186
0.4894736842105264
-0.06736613603473221
-0.15649009300444805
0.07454401268834258
1.425714285714286
0.10278113663845223
0.1109528653780942
0.3199653529666523
-0.020685111989459874
0.1119777158774373
-0.037168141592920326
0.08100890207715133
0.024242424242424333
0.2840418118466898
0.1996289424860854
0.21471978392977717
1.7623762376237624
-0.06896551724137931
0.0011688311688311393
-0.2153163152053274
0.07270175438596485
0.034154351395730705
0.021732745961820784
0.11686127977580561
-0.13732412381683298
-0.1989130434782609
0.0030902348578491965
0.3199152542372881
0.12984615384615383
0.12375189107413004
0.03720073664825054
-0.04706994328922491
-0.2465753424657534
0.09525435302150904
0.045040214477211744
-0.037142857142857116
0.05403225806451619
0.36258064516129035
0.1515962924819774
0.2359758038841133
0.09111766633890528
0.053573503776873935
0.035931307793923443
0.10764038048481135
0.27410926365795724
0.0665784248841826
0.3489971346704872
0.25936644505279616
0.2651428571428572
0.13923303834808257
0.06666666666666672
0.23626373626373626
0.2451009354997539
0.09728651237031133
0.055177684371417686
-0.3066666666666667
0.26228070175438595
0.2521226415094339
-0.19774557165861514
-0.11325842696629217
0.010670978172999229
0.12819948661532818
0.07210800859159251
-0.11113967437874897
-0.09863325740318914
0.976
0.11277705345501955
-0.10331753554502367
-0.020710973724884105
0.5832599118942731
0.4137795275590552
0.3788079470198676
0.4722666666666667
0.5934859154929578
0.26265984654731456
0.3849537037037038
0.3027500000000001
0.2829010989010989
0.2631685166498486
0.429736211031175
0.3114254624591947
0.23182471264367818
0.16781609195402297
0.20202429149797563
0.24303797468354435
0.2605228758169934
0.18680203045685279
0.1426461538461538
0.22602321319486865
0.12763466042154567
-0.06036363636363631
0.14934927893070696
0.24166666666666675
0.02993572084481167
0.08254156769596199
-0.05955334987593052
0.3476810838978634
0.493069306930693
0.8053872053872055
-0.2243478260869565
0.21864470235866718
0.38994490358126727
0.13249299719887958
0.07433044911413271
0.02346898459107076
0.1413533834586467
0.10168539325842693
0.07265964042157473
0.3634920634920636
0.03551401869158879
0.039646160032167234
-0.100999231360492
-0.10204081632653061
0.0075406032482598605
-0.11125611745513861
1.0466165413533834
0.09522024367385183
0.3309000414765658
-0.06721088435374147
-0.0841825902335456
0.38922155688622756
-0.16818181818181815
-0.059738260200153895
-0.016091954022988433
0.269964664310954
-0.09147465437788016
-0.06484751203852324
-0.05819397993311029
0.06961325966850825
0.06737160120845925
0.025020441537203522
-0.041099656357388284
0.035395683453237445
0.1542857142857143
0.11155682903533902
-0.2026023727516265
-0.14549509366636934
-0.06720997123681689
-0.07466823945738715
0.20100502512562815
0.327487352445194
-0.06076158940397359
0.2054484492875104
-0.07677329624478449
-0.021685971685971715
0.6065573770491803
0.0982928091050181
0.21342281879194638
0.18036025566531091
0.49559845559845556
0.4413878562577448
0.6333333333333334
0.40385582564962275
0.42256235827664407
0.43163017031630163
-0.008602771362586657
-0.04623955431754881
-0.0004021832806665013
0.14864423391048676
0.3316526610644257
0.1436893203883495
-0.09850746268656722
0.010306748466257641
0.024963432471964808
0.10307203389830503
0.10116472545757065
0.025239616613418458
0.03347064881565397
0.31557330290929825
-0.0746248749583195
0.13781965006729466
-0.012811387900355818
-0.1182724252491695
0.13931552587646084
0.14338287331917898
0.1663308144416456
0.12522865853658532
0.17704517704517705
-0.0582010582010582
-0.07118506493506498
0.07080491132332875
-0.10892260221136536
-0.11186952582301422
-0.08157653528872594
0.01666666666666671
-0.14781262098335277
0.4639714625445898
-0.124757281553398
0.23486238532110087
0.15495764823119082
0.09837037037037033
-0.19713876967095845
-0.032442510876320725
-0.1969230769230769
0.10964247020585054
-0.2501364522417154
0.009433015554440519
0.0003173343911147092
0.16027397260273968
0.11180669961559578
0.03699336772291824
0.04449697924875232
0.4041628122109159
0.09750445632798582
0.1907415730337079
0.09163154726068636
-0.021164021164021163
-0.05435041716328966
0.07983425414364635
-0.2708618331053352
0.11054131054131054
0.16202945990180032
0.040137053352912386
0.3604532577903682
0.31191047162270186
0.23336457357075913
-0.11958065607034153
0.3011722272317403
0.09680232558139538
0.024931356397583794
-0.006357615894039775
-0.10771793448084398
-0.006682867557715674
0.2762817441303306
0.2640854472630173
1.258858858858859
-0.09017341040462427
